     0/299     4.94G   0.07913   0.03089   0.02412    0.1341        50       640    0.2987    0.2692    0.1973   0.06089   0.06082   0.02401   0.02408
     1/299     7.24G   0.05795   0.02173   0.00925   0.08893        74       640    0.4789    0.4901    0.4115    0.1569   0.05142   0.02076  0.004239
     2/299     7.24G   0.05065   0.02099  0.007147   0.07878        53       640    0.4328    0.4295    0.3829    0.1703   0.04707   0.02098  0.007244
     3/299     7.24G    0.0477   0.02042  0.006633   0.07476        40       640    0.4754    0.3882    0.3614     0.172    0.0513   0.02194  0.004319
     4/299     7.24G   0.05115   0.02147  0.007579    0.0802        46       640     0.585    0.4979    0.4583    0.1899   0.04662   0.02095  0.002905
     5/299     7.24G   0.04678    0.0215  0.007283   0.07556        44       640    0.5082    0.4633    0.3807    0.1782   0.04607   0.02286  0.008828
     6/299     7.24G   0.04531   0.02094  0.006546    0.0728        47       640    0.5875    0.5124    0.4604     0.218   0.04225   0.02082  0.002519
     7/299     7.24G    0.0433   0.02067   0.00587   0.06983        50       640    0.5907    0.5363    0.4822     0.226   0.04193   0.02002  0.003788
     8/299     7.24G   0.04262   0.02043  0.005632   0.06868        31       640    0.6001    0.4919     0.465    0.2213    0.0419   0.02025  0.002258
     9/299     7.24G   0.04243   0.02035  0.005784   0.06856        76       640    0.5569     0.509    0.4529    0.2152   0.04316   0.02105  0.002594
    10/299     7.24G   0.04159   0.02003  0.005375     0.067        43       640    0.5482    0.5383     0.462    0.2283   0.04142   0.01975  0.003725
    11/299     7.24G   0.04114   0.02021  0.005187   0.06654        44       640    0.5875    0.5484    0.4929    0.2387    0.0401   0.01989   0.00176
    12/299     7.24G   0.03966   0.01942  0.004693   0.06377        48       640    0.5998    0.5692     0.505    0.2445   0.03989   0.01993  0.003418
    13/299     7.24G   0.04003   0.01971  0.004913   0.06465        69       640    0.5575    0.5457    0.4811    0.2433   0.03904   0.01918  0.001586
    14/299     7.24G   0.03919   0.01946  0.004695   0.06334        47       640    0.5557    0.5454     0.464    0.2381   0.03942    0.0192  0.001968
    15/299     7.24G   0.03894   0.01918   0.00464   0.06277        33       640    0.5621    0.5381     0.461    0.2367   0.03932   0.01938  0.002615
    16/299     7.24G   0.03967   0.01958  0.005795   0.06505        39       640    0.5585     0.512     0.445    0.2313   0.04028   0.02059  0.002675
    17/299     7.24G   0.03963   0.01948  0.004868   0.06398        40       640    0.5738    0.5535    0.4886    0.2491   0.03878   0.01933   0.00147
    18/299     7.24G   0.03867   0.01969  0.004606   0.06297        54       640    0.5747    0.5746    0.4983    0.2545   0.03827   0.01892  0.001939
    19/299     7.24G   0.03867   0.01962   0.00456   0.06284        72       640    0.5789    0.5989    0.5085    0.2546   0.03822   0.01963  0.001514
    20/299     7.24G   0.03826   0.01912  0.004465   0.06185        80       640    0.5891    0.5885    0.5134     0.259   0.03781   0.01907  0.001638
    21/299     7.24G   0.03827   0.01919  0.004306   0.06177        43       640    0.5912     0.571    0.5082    0.2516   0.03923   0.01985  0.001868
    22/299     7.24G   0.03805   0.01908  0.004122   0.06125        45       640    0.5622    0.5525    0.4782    0.2443   0.03977   0.01973  0.001855
    23/299     7.24G   0.03777   0.01885  0.004263   0.06088        47       640    0.5751    0.5526    0.4903    0.2524   0.03789   0.01908  0.001795
    24/299     7.24G    0.0378   0.01929  0.004196   0.06129        60       640    0.6033    0.5621    0.5045    0.2604    0.0379   0.01872  0.001549
    25/299     7.24G   0.03714   0.01898  0.003936   0.06005        43       640    0.5968    0.5644    0.5035    0.2567   0.03767     0.019  0.001686
    26/299     7.24G   0.03684   0.01874  0.004179   0.05976        39       640    0.6033    0.5961    0.5113    0.2623   0.03817   0.01908  0.001761
    27/299     7.24G   0.03699   0.01891  0.004236   0.06013        52       640    0.5909    0.5682    0.5074    0.2672   0.03672   0.01831  0.001516
    28/299     7.24G   0.03682   0.01859  0.003999   0.05941        46       640    0.6332    0.5579    0.5166    0.2635   0.03705   0.01881  0.001616
    29/299     7.24G   0.03694   0.01863   0.00406   0.05962        35       640    0.6175    0.5685    0.5151    0.2662   0.03742   0.01883  0.001324
    30/299     7.24G    0.0364   0.01885   0.00392   0.05918       121       640    0.6075    0.5769    0.5181    0.2712    0.0369   0.01861  0.001655
    31/299     7.24G   0.03617   0.01897  0.004021   0.05917        74       640    0.6214    0.5898    0.5215    0.2692   0.03735   0.01912  0.001511
    32/299     7.24G   0.03566    0.0185  0.003756   0.05792        45       640    0.6115    0.5484    0.5054     0.268   0.03694   0.01845  0.001169
    33/299     7.24G   0.03579   0.01838  0.003966   0.05814        35       640    0.5686    0.5234    0.4707    0.2462    0.0382   0.01924  0.001509
    34/299     7.24G   0.03647   0.01893  0.003628   0.05903        49       640     0.593    0.5502    0.4973    0.2633   0.03694   0.01854   0.00136
    35/299     7.24G    0.0358   0.01851  0.003682   0.05799        50       640    0.6197    0.5676    0.5085    0.2582   0.03774   0.01923  0.001479
    36/299     7.24G   0.03605   0.01878   0.00376   0.05858        50       640    0.5663    0.5527    0.4942    0.2678   0.03675   0.01859  0.001679
    37/299     7.24G   0.03574   0.01818  0.003819   0.05774        62       640    0.5761    0.5972    0.5198    0.2679   0.03731   0.01891  0.001356
    38/299     7.24G   0.03556   0.01818  0.003506   0.05724        42       640    0.6214    0.5869    0.5284    0.2687   0.03695   0.01929  0.001542
    39/299     7.24G   0.03578   0.01861  0.003685   0.05808        53       640    0.5967    0.6054    0.5233    0.2673   0.03712   0.01852  0.001356
    40/299     7.24G   0.03577   0.01847  0.003768   0.05801        46       640    0.5718     0.588    0.5097     0.265   0.03721   0.01894  0.001384
    41/299     7.24G   0.03551   0.01834  0.003664   0.05751        47       640    0.5914    0.5475    0.4976    0.2632    0.0369   0.01871  0.001637
    42/299     7.24G   0.03571   0.01819  0.003448   0.05735        47       640    0.6068    0.5927    0.5208    0.2678    0.0367    0.0187  0.001409
    43/299     7.24G   0.03555   0.01816  0.003569   0.05727        37       640    0.6123    0.5455    0.5042    0.2677   0.03671   0.01872  0.001411
    44/299     7.24G   0.03524   0.01846  0.003511   0.05722        55       640    0.5712     0.556    0.4969    0.2633    0.0368   0.01861  0.001568
    45/299     7.24G   0.03483   0.01828  0.003488   0.05659        79       640    0.5839    0.5582    0.5063     0.265   0.03658    0.0187  0.001431
    46/299     7.24G    0.0349   0.01805  0.003223   0.05617        44       640    0.5809    0.6077    0.5174    0.2701   0.03691   0.01898  0.001399
    47/299     7.24G     0.035   0.01824  0.003503   0.05675        61       640    0.5617    0.5629    0.4939    0.2653   0.03623   0.01868    0.0017
    48/299     7.24G   0.03449   0.01834  0.003443   0.05627        66       640    0.6113    0.5524    0.5062    0.2679    0.0367   0.01882  0.001365
    49/299     7.24G   0.03523   0.01842  0.003355     0.057        42       640    0.5901    0.5419    0.5063    0.2686   0.03692   0.01854  0.001101
    50/299     7.24G   0.03472   0.01789  0.003529   0.05613        49       640    0.5892    0.5605    0.5113    0.2735   0.03617   0.01854  0.001268
    51/299     7.24G   0.03454   0.01814  0.003357   0.05604        63       640    0.5848    0.5839    0.5115    0.2665   0.03675   0.01882  0.001291
    52/299     7.24G   0.03418   0.01787  0.003232   0.05529        74       640    0.5813    0.5625    0.4969    0.2632   0.03702   0.01892   0.00154
    53/299     7.24G   0.03416   0.01793  0.003295   0.05538        53       640    0.6028    0.5694    0.5086    0.2673   0.03645   0.01926  0.001425
    54/299     7.24G   0.03411   0.01804   0.00331   0.05546        35       640    0.5748    0.6033     0.512    0.2654   0.03684   0.01922   0.00146
    55/299     7.24G   0.03418   0.01819  0.003073   0.05544        45       640    0.5946    0.5861    0.5227    0.2694   0.03676    0.0185  0.001333
    56/299     7.24G   0.03385   0.01762  0.003441   0.05491        55       640    0.5971    0.5601    0.5115    0.2683   0.03639    0.0188  0.001466
    57/299     7.24G   0.03439   0.01781  0.003325   0.05552        49       640    0.6179    0.5592    0.5276    0.2746   0.03672   0.01883  0.001261
    58/299     7.24G   0.03403   0.01738  0.003224   0.05463        36       640    0.5826    0.5907    0.5163    0.2695   0.03644   0.01857  0.001335
    59/299     7.24G   0.03402     0.018  0.003128   0.05515        54       640    0.5842    0.5814    0.5141    0.2744   0.03607   0.01828  0.001336
    60/299     7.24G   0.03343   0.01763  0.003159   0.05422        55       640    0.5837     0.568    0.5063    0.2699   0.03618   0.01848  0.001348
    61/299     7.24G   0.03383   0.01777  0.003025   0.05463        77       640    0.5792    0.5888    0.5116    0.2695    0.0363   0.01868  0.001373
    62/299     7.24G   0.03356   0.01772   0.00301   0.05428        44       640    0.6032    0.5712    0.5188    0.2743   0.03591   0.01866  0.001214
    63/299     7.24G   0.03351    0.0176  0.003009   0.05412        64       640    0.6069    0.5744    0.5206     0.274   0.03604   0.01858  0.001209
    64/299     7.24G   0.03364   0.01733   0.00304   0.05401        78       640    0.5848    0.5833     0.513    0.2756   0.03602   0.01883  0.001223
    65/299     7.24G   0.03326   0.01766  0.002983   0.05391        39       640    0.5848    0.5888    0.5168    0.2771   0.03594   0.01857  0.001173
    66/299     7.24G   0.03326   0.01787  0.003047   0.05418        51       640    0.5936    0.5609    0.5057    0.2694    0.0362   0.01869  0.001337
    67/299     7.24G   0.03322   0.01747  0.003063   0.05375        63       640    0.6118    0.5525    0.5113     0.274   0.03647   0.01884   0.00131
    68/299     7.24G   0.03328   0.01762   0.00309     0.054        37       640    0.6057    0.5549    0.5029    0.2685   0.03633     0.019  0.001257
    69/299     7.24G   0.03286   0.01738  0.002913   0.05316        48       640    0.5949    0.5514    0.5007    0.2673   0.03658   0.01868  0.001328
    70/299     7.24G   0.03262   0.01741   0.00282   0.05285       121       640    0.5928    0.5784    0.5112    0.2732   0.03616   0.01842  0.001128
    71/299     7.24G   0.03348   0.01774  0.003238   0.05445        35       640     0.604    0.5529    0.5044    0.2715   0.03633   0.01885  0.001105
    72/299     7.24G   0.03362   0.01761  0.003151   0.05439        49       640    0.6203    0.5519     0.519     0.276   0.03588   0.01873 0.0009754
    73/299     7.24G   0.03316   0.01749  0.002956   0.05361        27       640    0.5927    0.5727    0.5193    0.2774   0.03572   0.01826  0.001138
    74/299     7.24G   0.03274   0.01779  0.002887   0.05342        45       640    0.5692    0.5962    0.5144    0.2749    0.0362   0.01854  0.001328
    75/299     7.24G   0.03332   0.01746  0.002791   0.05357        57       640    0.5957    0.5611    0.5057    0.2695   0.03623   0.01881  0.001321
    76/299     7.24G   0.03282   0.01737  0.003019   0.05322        43       640    0.5823    0.5708    0.5035    0.2736   0.03576   0.01852  0.001285
    77/299     7.24G   0.03244   0.01752  0.002915   0.05288        65       640    0.5952    0.5805    0.5205    0.2757   0.03577    0.0186  0.001256
    78/299     7.24G   0.03258   0.01738  0.002861   0.05282        43       640    0.6025    0.5502    0.5018    0.2708   0.03596   0.01918  0.001326
    79/299     7.24G   0.03225   0.01694  0.002756   0.05195        56       640    0.6125    0.5709    0.5201    0.2736   0.03602   0.01866  0.001258
    80/299     7.24G   0.03254   0.01713  0.002804   0.05247        55       640     0.612    0.5682     0.517    0.2747   0.03597   0.01878  0.001255
    81/299     7.24G     0.032   0.01703  0.002773    0.0518        35       640    0.6022    0.5716    0.5156    0.2747   0.03602   0.01855  0.001237
    82/299     7.24G   0.03225   0.01727  0.002733   0.05225        76       640    0.6157    0.5649    0.5193    0.2764   0.03592   0.01874  0.001345
    83/299     7.24G   0.03276   0.01701  0.002771   0.05254        53       640    0.5986     0.574    0.5108    0.2715    0.0362   0.01902   0.00142
    84/299     7.24G   0.03245   0.01716  0.002799   0.05241        55       640    0.5995     0.564    0.5053    0.2717   0.03606   0.01922  0.001375
    85/299     7.24G   0.03264    0.0174  0.002739   0.05278        59       640    0.6196    0.5518    0.5077    0.2728   0.03615   0.01889  0.001431
    86/299     7.24G   0.03155   0.01716  0.002716   0.05143        38       640     0.615    0.5574    0.5048    0.2705   0.03627   0.01909  0.001358
    87/299     7.24G   0.03185   0.01667  0.002794   0.05131        41       640    0.5904    0.5547       0.5     0.269   0.03629   0.01931  0.001311
    88/299     7.24G   0.03239   0.01726  0.002697   0.05235        45       640    0.5933    0.5745    0.5115    0.2733   0.03613   0.01888  0.001277
    89/299     7.24G   0.03167   0.01713  0.002609   0.05141        47       640    0.6091    0.5543    0.5094    0.2759   0.03605   0.01891  0.001358
    90/299     7.24G   0.03154    0.0168  0.002722   0.05106        48       640    0.6133    0.5612    0.5103    0.2729   0.03602   0.01922  0.001311
    91/299     7.24G   0.03159   0.01718  0.002525    0.0513        43       640    0.6071    0.5452    0.5102    0.2723   0.03605   0.01905  0.001313
    92/299     7.24G   0.03138    0.0168  0.002592   0.05077        48       640    0.5742    0.5639    0.5012    0.2696   0.03608   0.01916  0.001391
    93/299     7.24G   0.03186   0.01681  0.002654   0.05133        68       640     0.612     0.553    0.5077    0.2721   0.03578   0.01919  0.001287
    94/299     7.24G    0.0318    0.0171  0.002618   0.05152        68       640    0.6012    0.5415    0.5011    0.2749    0.0357   0.01906  0.001198
    95/299     7.24G   0.03161   0.01683   0.00258   0.05102        67       640    0.5887    0.5572    0.5038     0.275    0.0358   0.01901  0.001152
    96/299     7.24G   0.03143   0.01677  0.002583   0.05078        50       640    0.5843    0.5739    0.5127    0.2774   0.03576   0.01902  0.001161
    97/299     7.24G   0.03144   0.01678  0.002772     0.051        58       640     0.585    0.5683    0.5049    0.2757   0.03582    0.0191  0.001176
    98/299     7.24G   0.03155   0.01714   0.00253   0.05122        39       640    0.5922    0.5695    0.5117    0.2758   0.03595   0.01903  0.001175
    99/299     7.24G   0.03116   0.01694  0.002649   0.05076        34       640    0.6122    0.5604    0.5126    0.2766   0.03575   0.01892  0.001244
   100/299     7.24G   0.03092   0.01695  0.002624   0.05049        56       640    0.5941    0.5666    0.5103    0.2761    0.0358   0.01902  0.001262
   101/299     7.24G   0.03174     0.017  0.002837   0.05158        42       640    0.6024    0.5682    0.5169    0.2779   0.03575   0.01897  0.001187
   102/299     7.24G   0.03129   0.01673  0.002485   0.05051        41       640    0.6157    0.5583    0.5161    0.2768   0.03566     0.019  0.001166
   103/299     7.24G   0.03071   0.01663   0.00254   0.04989        58       640     0.621    0.5583    0.5204     0.278   0.03561   0.01891  0.001244
   104/299     7.24G   0.03082   0.01683  0.002335   0.04998        53       640    0.5834    0.5802    0.5128    0.2762   0.03565   0.01896  0.001291
   105/299     7.24G   0.03082   0.01681  0.002635   0.05026        84       640    0.5966    0.5673      0.51     0.275    0.0357   0.01903  0.001352
   106/299     7.24G   0.03089   0.01694  0.002512   0.05034        29       640    0.5924      0.57    0.5109    0.2765   0.03568   0.01901  0.001306
   107/299     7.24G   0.03128   0.01661  0.002453   0.05034        67       640    0.6106    0.5625    0.5111    0.2762   0.03572    0.0191   0.00131
   108/299     7.24G   0.03035   0.01651  0.002446   0.04931        47       640    0.6007    0.5672    0.5093    0.2763   0.03568   0.01912   0.00132
   109/299     7.24G   0.03123   0.01643  0.002449   0.05011        71       640    0.5957    0.5677    0.5072    0.2754   0.03579   0.01923  0.001342
   110/299     7.24G   0.03073   0.01652  0.002445   0.04969        52       640       0.6    0.5714      0.51    0.2756   0.03575   0.01909  0.001337
   111/299     7.24G   0.03067   0.01636  0.002428   0.04946        43       640    0.6011    0.5675    0.5124    0.2759   0.03572   0.01912  0.001332
   112/299     7.24G   0.02996   0.01633  0.002338   0.04863        51       640    0.5988    0.5616    0.5103    0.2751   0.03571   0.01927  0.001296
   113/299     7.24G   0.03037   0.01645  0.002536   0.04936        62       640    0.6064    0.5495    0.5053    0.2736   0.03579   0.01927  0.001305
   114/299     7.24G   0.03021   0.01669  0.002255   0.04916        62       640    0.6045    0.5555    0.5119     0.275   0.03576   0.01925   0.00128
   115/299     7.24G   0.03009   0.01619  0.002288   0.04857        64       640     0.602    0.5515    0.5083    0.2733   0.03584   0.01933  0.001286
   116/299     7.24G   0.03013   0.01655  0.002333   0.04901        41       640    0.5955    0.5565    0.5052    0.2739   0.03584   0.01938  0.001314
   117/299     7.24G   0.02999   0.01612  0.002375   0.04848        48       640    0.5992    0.5531    0.5036    0.2739   0.03585   0.01943  0.001294
   118/299     7.24G   0.03025   0.01628  0.002355   0.04888        33       640    0.6181    0.5385    0.5016    0.2734   0.03585   0.01937  0.001316
   119/299     7.24G   0.03017   0.01644  0.002403   0.04901        39       640    0.6128    0.5383    0.5017    0.2754   0.03584   0.01935  0.001314
   120/299     7.24G   0.03037   0.01641  0.002549   0.04932       144       640    0.5971    0.5496    0.4999    0.2741   0.03586    0.0194  0.001312
   121/299     7.24G   0.02989   0.01646  0.002199   0.04855        37       640    0.6084    0.5419    0.5028    0.2747   0.03591   0.01936  0.001284
   122/299     7.24G   0.02964   0.01617  0.002234   0.04804        58       640     0.607    0.5419    0.5041    0.2758   0.03591   0.01935  0.001223
   123/299     7.24G   0.02971   0.01637  0.002209    0.0483        27       640    0.6086    0.5531    0.5086    0.2754   0.03593   0.01942  0.001224
   124/299     7.24G   0.02992   0.01598  0.002307   0.04821        55       640    0.6075     0.553    0.5069    0.2751   0.03596   0.01944  0.001215
   125/299     7.24G   0.03013   0.01631  0.002266   0.04871        59       640    0.6131    0.5498    0.5052    0.2747   0.03597   0.01951  0.001211
   126/299     7.24G   0.02981   0.01623  0.002332   0.04837        69       640    0.6208    0.5445    0.5062    0.2741   0.03601    0.0196  0.001219
   127/299     7.24G   0.02965   0.01598  0.002087   0.04771        38       640    0.6119    0.5486    0.5062    0.2737   0.03598    0.0196  0.001193
   128/299     7.24G   0.02943   0.01612  0.002255    0.0478        50       640    0.6148    0.5422    0.5061    0.2737   0.03603   0.01959   0.00118
   129/299     7.24G   0.02946   0.01598  0.002159    0.0476        35       640    0.6208      0.54    0.5062    0.2733   0.03605   0.01958   0.00116
   130/299     7.24G   0.02958    0.0162  0.002153   0.04793        54       640    0.6213    0.5413    0.5048    0.2729   0.03611   0.01955  0.001159
   131/299     7.24G   0.02981   0.01619  0.002186   0.04819        75       640    0.6204    0.5483    0.5062    0.2734   0.03607    0.0195  0.001161
   132/299     7.24G   0.02968   0.01628  0.002319   0.04828        53       640    0.6079    0.5578     0.506    0.2736    0.0361   0.01951  0.001149
   133/299     7.24G   0.02933   0.01607  0.002061   0.04745        70       640    0.6024    0.5591    0.5039    0.2734   0.03607   0.01952  0.001149
   134/299     7.24G   0.02914   0.01571  0.002026   0.04688        50       640    0.5975    0.5588    0.5031    0.2734   0.03609   0.01951   0.00116
   135/299     7.24G   0.02919   0.01585  0.002094   0.04713        78       640    0.6162    0.5457    0.5048    0.2735   0.03611   0.01953  0.001179
   136/299     7.24G   0.02944   0.01581  0.002311   0.04756        38       640    0.6175    0.5507    0.5038    0.2732   0.03613   0.01953  0.001191
   137/299     7.24G   0.02936   0.01603  0.002169   0.04756        73       640     0.626    0.5438    0.5025     0.273   0.03617   0.01957  0.001202
   138/299     7.24G   0.02883    0.0159   0.00233   0.04706        49       640    0.6245    0.5437    0.5026     0.273   0.03621   0.01956  0.001216
   139/299     7.24G   0.02948   0.01596  0.002109   0.04755        46       640    0.6233    0.5524    0.5073    0.2742    0.0362   0.01951  0.001213
   140/299     7.24G    0.0284   0.01566  0.002017   0.04607        57       640    0.6157    0.5538    0.5063    0.2745   0.03618    0.0195  0.001212
   141/299     7.24G   0.02922   0.01574  0.002051   0.04701        48       640    0.6173    0.5494    0.5045    0.2742    0.0362   0.01954  0.001198
   142/299     7.24G    0.0285   0.01544  0.002122   0.04606        30       640    0.6187    0.5521    0.5062    0.2744   0.03619   0.01955  0.001191
   143/299     7.24G   0.02849   0.01564  0.002187   0.04631        37       640    0.6153    0.5554    0.5062    0.2748    0.0362   0.01957  0.001193
   144/299     7.24G   0.02861    0.0155  0.002164   0.04627        45       640    0.6175    0.5571    0.5074    0.2748   0.03623   0.01958  0.001196
   145/299     7.24G   0.02855   0.01561  0.002138    0.0463        49       640    0.6162    0.5585    0.5084    0.2746   0.03621   0.01957  0.001197
   146/299     7.24G    0.0287   0.01576  0.002102   0.04657        39       640      0.62    0.5515    0.5073    0.2742   0.03623   0.01959    0.0012
   147/299     7.24G   0.02865   0.01558  0.002269    0.0465        61       640    0.6033    0.5631    0.5066    0.2738   0.03624    0.0196  0.001204
   148/299     7.24G   0.02865   0.01558  0.002017   0.04625        50       640    0.6111    0.5562    0.5069    0.2741   0.03623    0.0196  0.001201
   149/299     7.24G   0.02867   0.01574  0.002013   0.04643        83       640     0.619    0.5506    0.5075    0.2739   0.03622   0.01956  0.001199
   150/299     7.24G   0.02867   0.01582  0.002027   0.04652        49       640    0.6118    0.5549     0.507    0.2739   0.03621   0.01956  0.001205
   151/299     7.24G   0.02817    0.0158   0.00195   0.04592        65       640    0.6141    0.5557    0.5076    0.2744   0.03617   0.01957  0.001205
   152/299     7.24G   0.02821   0.01558  0.001985   0.04578        38       640     0.614    0.5552    0.5058     0.274   0.03617   0.01957   0.00121
   153/299     7.24G   0.02905   0.01607  0.002239   0.04737        44       640    0.6068    0.5582    0.5042    0.2739   0.03618   0.01957  0.001213
   154/299     7.24G   0.02846   0.01563  0.001878   0.04597        57       640    0.6171    0.5514    0.5037    0.2738   0.03617   0.01956  0.001217
   155/299     7.24G   0.02776   0.01524  0.002039   0.04504        47       640    0.6118    0.5531    0.5035    0.2741   0.03616   0.01955  0.001212
   156/299     7.24G    0.0276   0.01532  0.001918   0.04484        36       640    0.6173    0.5501    0.5035    0.2737   0.03617   0.01957  0.001214
   157/299     7.24G   0.02789    0.0152  0.001855   0.04494        38       640    0.6182    0.5488    0.5038    0.2736   0.03617   0.01958  0.001209
   158/299     7.24G   0.02743   0.01506  0.001946   0.04443        63       640    0.6228    0.5524    0.5068    0.2741   0.03617   0.01959  0.001205
   159/299     7.24G   0.02777   0.01536  0.001984   0.04512        56       640    0.6238    0.5525    0.5065    0.2738   0.03617   0.01961  0.001205
   160/299     7.24G   0.02757    0.0153  0.001914   0.04478        47       640    0.6181    0.5539    0.5062    0.2738   0.03616   0.01961  0.001205
   161/299     7.24G   0.02749   0.01539  0.001875   0.04476        58       640    0.6199    0.5524    0.5062     0.274   0.03616   0.01962  0.001205
   162/299     7.24G    0.0276    0.0152   0.00193   0.04473        49       640    0.6178    0.5522    0.5056    0.2734   0.03616   0.01962  0.001206
   163/299     7.24G   0.02777   0.01557  0.001916   0.04526        37       640    0.6167    0.5541     0.506    0.2737   0.03615   0.01962  0.001206
   164/299     7.24G   0.02746   0.01513  0.001904   0.04449        62       640    0.6168    0.5546    0.5055    0.2739   0.03614   0.01963  0.001207
   165/299     7.24G   0.02719   0.01478   0.00186   0.04384        55       640    0.6204    0.5512    0.5057    0.2738   0.03613   0.01964  0.001206
   166/299     7.24G    0.0272   0.01484  0.002071   0.04411        71       640    0.6114    0.5578    0.5057    0.2738   0.03612   0.01965  0.001206
   167/299     7.24G   0.02735   0.01525  0.001851   0.04445        71       640    0.6197     0.553     0.506     0.274   0.03612   0.01965  0.001204
   168/299     7.24G   0.02742   0.01506  0.001764   0.04424        51       640    0.6147    0.5614    0.5073    0.2742   0.03611   0.01966  0.001202
   169/299     7.24G   0.02676   0.01497  0.001921   0.04365        54       640    0.6188    0.5584    0.5066    0.2741   0.03612   0.01968  0.001203
   170/299     7.24G   0.02704   0.01511  0.001851     0.044        36       640    0.6141    0.5572    0.5062    0.2743   0.03612    0.0197  0.001204
   171/299     7.24G    0.0273   0.01507  0.002094   0.04446        33       640    0.6125     0.556     0.505    0.2739   0.03611   0.01971  0.001202
   172/299     7.24G   0.02716   0.01505  0.001832   0.04405        61       640    0.6114    0.5598    0.5062    0.2736   0.03611   0.01973  0.001202
   173/299     7.24G   0.02678   0.01501   0.00189   0.04368        52       640    0.6166    0.5556    0.5062    0.2737   0.03611   0.01975  0.001202
   174/299     7.24G   0.02764    0.0151  0.001996   0.04474        40       640     0.615    0.5544    0.5055    0.2734   0.03611   0.01976  0.001203
   175/299     7.24G   0.02717   0.01519  0.001814   0.04417        50       640    0.6123    0.5531    0.5039    0.2733   0.03611   0.01978  0.001201
   176/299     7.24G   0.02684   0.01469  0.001782   0.04331        37       640    0.6101    0.5542    0.5039    0.2736   0.03611   0.01979  0.001202
   177/299     7.24G   0.02701   0.01495  0.001749   0.04371        49       640    0.5924     0.569    0.5041    0.2737   0.03612   0.01979  0.001202
   178/299     7.24G   0.02643   0.01466   0.00178   0.04286        53       640    0.5995     0.562    0.5038     0.274   0.03612    0.0198  0.001203
   179/299     7.24G    0.0265   0.01445  0.001773   0.04272        66       640    0.6137    0.5523    0.5034    0.2733   0.03612   0.01983  0.001204
   180/299     7.24G   0.02668   0.01494  0.001745   0.04336        34       640    0.6121    0.5517    0.5029    0.2735   0.03613   0.01984  0.001207
   181/299     7.24G   0.02613   0.01439  0.001559   0.04208        49       640    0.6125    0.5528    0.5028    0.2735   0.03614   0.01985  0.001209
   182/299     7.24G   0.02639   0.01476  0.001601   0.04275        51       640    0.6152    0.5512    0.5029    0.2734   0.03614   0.01985  0.001209
   183/299     7.24G   0.02662   0.01458  0.001765   0.04297        39       640    0.6185    0.5527    0.5041    0.2733   0.03615   0.01987  0.001211
   184/299     7.24G   0.02632   0.01471   0.00173   0.04275        47       640    0.6176    0.5509    0.5023    0.2734   0.03615   0.01988  0.001211
   185/299     7.24G   0.02609   0.01448  0.001647   0.04222        72       640     0.615    0.5529    0.5025    0.2731   0.03616    0.0199  0.001212
   186/299     7.24G   0.02576   0.01449  0.001689   0.04194        50       640    0.6138    0.5517    0.5011    0.2728   0.03618   0.01991  0.001212
   187/299     7.24G   0.02599   0.01463  0.001827   0.04245        62       640    0.6101    0.5516    0.5013    0.2729   0.03618   0.01993  0.001213
   188/299     7.24G   0.02619   0.01476   0.00164   0.04259        61       640    0.6152    0.5477    0.5013    0.2731   0.03618   0.01994  0.001213
   189/299     7.24G   0.02571    0.0145  0.001748   0.04195        40       640    0.6143    0.5484    0.5008     0.273   0.03619   0.01996  0.001215
   190/299     7.24G    0.0258   0.01449   0.00176   0.04204        45       640    0.6144     0.547    0.5007     0.273    0.0362   0.01997  0.001215
   191/299     7.24G    0.0258   0.01439  0.001587   0.04177        44       640    0.6164    0.5478    0.5013     0.273   0.03621   0.01997  0.001215
   192/299     7.24G    0.0258   0.01442  0.001728   0.04196        54       640     0.618    0.5465    0.5008     0.273   0.03621   0.01998  0.001214
   193/299     7.24G   0.02607   0.01444   0.00164   0.04215        42       640    0.6137    0.5524    0.5017    0.2729   0.03622      0.02  0.001215
   194/299     7.24G   0.02586   0.01445  0.001729   0.04204        38       640    0.6145    0.5522    0.5024    0.2732   0.03622   0.02001  0.001216
   195/299     7.24G   0.02573   0.01432  0.001647    0.0417        43       640    0.6149    0.5537    0.5022    0.2731   0.03623   0.02002  0.001216
   196/299     7.24G   0.02571   0.01432   0.00159   0.04163        69       640    0.6181    0.5519    0.5022    0.2731   0.03623   0.02004  0.001215
   197/299     7.24G   0.02558    0.0142  0.001652   0.04143        60       640    0.6192    0.5498    0.5015     0.273   0.03624   0.02005  0.001216
   198/299     7.24G   0.02563   0.01438  0.001712   0.04173        39       640     0.617    0.5504    0.5013    0.2726   0.03625   0.02007  0.001218
   199/299     7.24G    0.0253   0.01414   0.00164   0.04108        36       640    0.6149    0.5485    0.4997    0.2727   0.03626   0.02009   0.00122
   200/299     7.24G   0.02536   0.01421   0.00158   0.04114        52       640    0.6152    0.5483    0.4996    0.2725   0.03626    0.0201  0.001222
   201/299     7.24G   0.02531   0.01404  0.001603   0.04095        58       640    0.6176    0.5465    0.4994    0.2725   0.03626   0.02011  0.001222
   202/299     7.24G   0.02525   0.01418  0.001559   0.04099        33       640    0.6173    0.5494    0.5004    0.2726   0.03626   0.02013  0.001223
   203/299     7.24G   0.02514   0.01427  0.001738   0.04115        55       640     0.616    0.5518    0.5003    0.2727   0.03627   0.02014  0.001224
   204/299     7.24G   0.02507   0.01389  0.001637    0.0406        40       640    0.6162     0.552    0.5004    0.2728   0.03627   0.02015  0.001225
   205/299     7.24G   0.02533   0.01437  0.001526   0.04122        53       640    0.6132    0.5508    0.4982    0.2725   0.03627   0.02016  0.001227
   206/299     7.24G   0.02503   0.01419  0.001494   0.04071        43       640    0.6171    0.5495    0.4983    0.2722   0.03628   0.02018  0.001227
   207/299     7.24G   0.02492   0.01404  0.001622   0.04058        54       640    0.6156    0.5505    0.4979    0.2721   0.03629   0.02019  0.001229
   208/299     7.24G    0.0248   0.01386  0.001649   0.04031        74       640     0.619    0.5476    0.4981    0.2722   0.03629   0.02021   0.00123
   209/299     7.24G   0.02489     0.014  0.001519   0.04041        54       640    0.6166    0.5474    0.4974    0.2722    0.0363   0.02022  0.001232
   210/299     7.24G   0.02499   0.01429  0.001635   0.04091       102       640    0.6222    0.5473    0.4994     0.272    0.0363   0.02024  0.001233
   211/299     7.24G   0.02468   0.01398  0.001516   0.04018        39       640    0.6256    0.5498    0.5003    0.2722   0.03631   0.02025  0.001234
   212/299     7.24G   0.02476    0.0139  0.001553   0.04021        41       640    0.6256    0.5498       0.5     0.272   0.03631   0.02027  0.001236
   213/299     7.24G   0.02446   0.01411  0.001505   0.04008        45       640    0.6265    0.5507    0.5013    0.2721   0.03632   0.02028  0.001238
   214/299     7.24G   0.02458   0.01377  0.001604   0.03995        39       640    0.6257    0.5496    0.4995     0.272   0.03633    0.0203  0.001239
   215/299     7.24G    0.0248   0.01412   0.00149   0.04041        52       640    0.6243    0.5482     0.498    0.2719   0.03633   0.02031  0.001242
   216/299     7.24G   0.02449   0.01393  0.001453   0.03987        46       640    0.6207    0.5499    0.4981    0.2718   0.03634   0.02032  0.001245
   217/299     7.24G   0.02424   0.01388  0.001481    0.0396        57       640    0.6206    0.5488    0.4975    0.2712   0.03635   0.02034  0.001247
   218/299     7.24G   0.02443   0.01371  0.001459    0.0396        46       640    0.6209    0.5483    0.4971    0.2717   0.03636   0.02035  0.001248
   219/299     7.24G   0.02402   0.01355  0.001527    0.0391        52       640    0.6214    0.5457    0.4966    0.2711   0.03637   0.02036  0.001249
   220/299     7.24G   0.02411    0.0137  0.001406   0.03921        41       640     0.618    0.5476    0.4963    0.2716   0.03637   0.02037  0.001251
   221/299     7.24G   0.02408   0.01351  0.001415     0.039        59       640    0.6204    0.5451    0.4967    0.2718   0.03638   0.02039  0.001253
   222/299     7.24G   0.02384   0.01355   0.00144   0.03882        40       640    0.6203    0.5448     0.497    0.2713   0.03639    0.0204  0.001254
   223/299     7.24G   0.02375   0.01366  0.001358   0.03877        68       640    0.6205    0.5447    0.4971    0.2716   0.03639   0.02041  0.001255
   224/299     7.24G   0.02372   0.01369  0.001468   0.03888        45       640    0.6192    0.5458    0.4966    0.2715    0.0364   0.02042  0.001256
   225/299     7.24G   0.02394   0.01367  0.001538   0.03915        50       640    0.6224    0.5435    0.4964    0.2716    0.0364   0.02043  0.001257
   226/299     7.24G   0.02387   0.01345  0.001455   0.03877        56       640    0.6226    0.5435    0.4965    0.2715   0.03641   0.02045  0.001258
   227/299     7.24G    0.0238   0.01355  0.001418   0.03877        48       640    0.6226    0.5436    0.4965    0.2716   0.03641   0.02046  0.001258
   228/299     7.24G   0.02367   0.01323  0.001502   0.03841        40       640    0.6202    0.5416    0.4941    0.2711   0.03642   0.02048   0.00126
   229/299     7.24G   0.02361   0.01351  0.001447   0.03857        47       640    0.6208    0.5413    0.4943    0.2714   0.03642   0.02049  0.001261
   230/299     7.24G   0.02372   0.01346  0.001493   0.03868        42       640    0.6207    0.5414    0.4937    0.2704   0.03643   0.02051  0.001262
   231/299     7.24G   0.02354   0.01351  0.001499   0.03855        72       640    0.6214    0.5412     0.494    0.2707   0.03644   0.02052  0.001262
   232/299     7.24G   0.02344   0.01356  0.001605    0.0386        44       640    0.6211    0.5413    0.4935    0.2707   0.03645   0.02054  0.001263
   233/299     7.24G   0.02359    0.0135    0.0014   0.03849        72       640    0.6194    0.5421    0.4934    0.2706   0.03645   0.02055  0.001263
   234/299     7.24G   0.02349   0.01353  0.001502   0.03853        40       640    0.6205    0.5412    0.4937    0.2707   0.03646   0.02056  0.001263
   235/299     7.24G   0.02344   0.01337  0.001408   0.03822        93       640    0.6197    0.5434    0.4929    0.2704   0.03646   0.02058  0.001263
   236/299     7.24G   0.02323   0.01357  0.001324   0.03813        57       640     0.619    0.5422    0.4938    0.2708   0.03647   0.02059  0.001264
   237/299     7.24G   0.02289   0.01321  0.001408   0.03751        55       640    0.6178    0.5427    0.4924    0.2704   0.03647   0.02061  0.001264
   238/299     7.24G   0.02291    0.0133  0.001445   0.03765        36       640    0.6174    0.5427    0.4921    0.2703   0.03648   0.02062  0.001265
   239/299     7.24G   0.02314   0.01328  0.001347   0.03777        24       640    0.6133    0.5448    0.4928    0.2705   0.03649   0.02063  0.001265
   240/299     7.24G   0.02323   0.01345  0.001437   0.03812        43       640    0.6136    0.5446    0.4927    0.2703    0.0365   0.02064  0.001265
   241/299     7.24G    0.0233   0.01319   0.00137   0.03787       228       640    0.6162    0.5465    0.4934    0.2703    0.0365   0.02066  0.001265
   242/299     7.24G   0.02322    0.0133  0.001424   0.03795        52       640    0.6104     0.552    0.4937    0.2701   0.03651   0.02067  0.001267
   243/299     7.24G     0.023   0.01347  0.001405   0.03787        42       640    0.6099    0.5524    0.4939    0.2701   0.03652   0.02068  0.001269
   244/299     7.24G   0.02304   0.01299  0.001331   0.03735        54       640    0.6101    0.5531     0.494    0.2701   0.03653   0.02069  0.001271
   245/299     7.24G   0.02267   0.01317  0.001399   0.03724        52       640    0.6089    0.5522    0.4927    0.2698   0.03654   0.02071  0.001273
   246/299     7.24G     0.023   0.01297  0.001371   0.03734        47       640    0.6091    0.5522    0.4927    0.2698   0.03654   0.02072  0.001273
   247/299     7.24G   0.02313   0.01294  0.001335    0.0374        30       640    0.6085    0.5525    0.4927    0.2697   0.03655   0.02073  0.001274
   248/299     7.24G   0.02303   0.01315  0.001348   0.03753        32       640    0.6086    0.5504     0.492    0.2695   0.03656   0.02074  0.001275
   249/299     7.24G   0.02244   0.01285  0.001409    0.0367        61       640    0.6062    0.5517    0.4917    0.2696   0.03656   0.02076  0.001277
   250/299     7.24G   0.02258   0.01299  0.001353   0.03692        71       640    0.6052    0.5516    0.4918    0.2696   0.03657   0.02077  0.001279
   251/299     7.24G   0.02255   0.01294  0.001391   0.03688        83       640    0.6064      0.55    0.4916    0.2694   0.03658   0.02078  0.001281
   252/299     7.24G   0.02257   0.01302  0.001316   0.03691        60       640     0.607    0.5498    0.4914    0.2692   0.03659    0.0208  0.001283
   253/299     7.24G    0.0223   0.01302  0.001284   0.03661        51       640    0.6075    0.5497    0.4908    0.2691   0.03659   0.02081  0.001284
   254/299     7.24G   0.02242   0.01309   0.00138    0.0369        52       640    0.6082    0.5507    0.4916     0.269    0.0366   0.02083  0.001286
   255/299     7.24G   0.02261   0.01273  0.001438   0.03678        48       640    0.6006    0.5561    0.4908    0.2688   0.03661   0.02085  0.001288
   256/299     7.24G   0.02191   0.01273  0.001378   0.03602        54       640    0.6114    0.5459    0.4903    0.2688   0.03662   0.02086   0.00129
   257/299     7.24G   0.02258   0.01313  0.001403   0.03711        54       640    0.6036    0.5542    0.4903    0.2687   0.03663   0.02087  0.001292
   258/299     7.24G   0.02218   0.01272  0.001347   0.03624        49       640    0.6027    0.5553    0.4909    0.2687   0.03664   0.02089  0.001293
   259/299     7.24G   0.02181   0.01261  0.001289   0.03571        42       640    0.6019    0.5557    0.4904    0.2685   0.03664   0.02089  0.001295
   260/299     7.24G   0.02232   0.01288  0.001322   0.03652        46       640    0.6117     0.548    0.4905    0.2683   0.03665   0.02091  0.001296
   261/299     7.24G   0.02188   0.01293  0.001234   0.03604        42       640    0.6028    0.5556    0.4913    0.2683   0.03666   0.02092  0.001298
   262/299     7.24G   0.02161   0.01281   0.00128   0.03571        47       640    0.6131    0.5472    0.4911    0.2685   0.03666   0.02093    0.0013
   263/299     7.24G   0.02232     0.013  0.001302   0.03663        71       640     0.613    0.5472     0.491    0.2681   0.03667   0.02095  0.001303
   264/299     7.24G   0.02193   0.01279  0.001297   0.03601        50       640    0.6123    0.5478    0.4909    0.2682   0.03667   0.02096  0.001305
   265/299     7.24G   0.02244   0.01302  0.001266   0.03673        45       640    0.6143    0.5466    0.4911    0.2681   0.03668   0.02097  0.001306
   266/299     7.24G   0.02189    0.0129  0.001316    0.0361        53       640    0.5936    0.5649    0.4906     0.268   0.03669   0.02099  0.001309
   267/299     7.24G    0.0219   0.01273  0.001382   0.03602        50       640    0.6117    0.5488    0.4905     0.268    0.0367     0.021  0.001312
   268/299     7.24G   0.02177   0.01282   0.00128   0.03587        79       640    0.6121    0.5504    0.4907    0.2679    0.0367   0.02101  0.001313
   269/299     7.24G   0.02217     0.013  0.001288   0.03646        69       640    0.6117    0.5508    0.4906    0.2679   0.03671   0.02102  0.001315
   270/299     7.24G   0.02178   0.01251  0.001328   0.03562        60       640    0.6121    0.5506    0.4902    0.2679   0.03672   0.02103  0.001316
   271/299     7.24G   0.02182   0.01274  0.001303   0.03586        59       640    0.6083    0.5558    0.4907    0.2681   0.03672   0.02103  0.001318
   272/299     7.24G   0.02161   0.01255  0.001359   0.03553        54       640    0.6098    0.5524    0.4902    0.2681   0.03673   0.02105  0.001318
   273/299     7.24G   0.02174   0.01256  0.001225   0.03553        51       640    0.6095    0.5536    0.4893     0.268   0.03673   0.02106  0.001319
   274/299     7.24G   0.02179   0.01267  0.001279   0.03574        90       640    0.6108    0.5535    0.4899    0.2681   0.03674   0.02107  0.001319
   275/299     7.24G   0.02205   0.01281  0.001406   0.03627        74       640    0.6122    0.5544    0.4901     0.268   0.03674   0.02108  0.001319
   276/299     7.24G   0.02121   0.01252  0.001249   0.03498        41       640    0.6112    0.5533     0.489    0.2679   0.03674   0.02109   0.00132
   277/299     7.24G   0.02173   0.01258  0.001323   0.03564        54       640    0.6115    0.5532    0.4894    0.2682   0.03675   0.02111   0.00132
   278/299     7.24G   0.02152   0.01262  0.001343   0.03548        39       640    0.6097    0.5524     0.489    0.2682   0.03675   0.02112  0.001321
   279/299     7.24G   0.02206   0.01264  0.001274   0.03597        43       640    0.6091    0.5526    0.4895    0.2679   0.03675   0.02113   0.00132
   280/299     7.24G   0.02112   0.01245  0.001182   0.03475        86       640    0.6104    0.5511    0.4897    0.2682   0.03676   0.02114   0.00132
   281/299     7.24G    0.0218   0.01271  0.001362   0.03588        37       640    0.6097    0.5513    0.4891    0.2681   0.03676   0.02115  0.001322
   282/299     7.24G   0.02128   0.01271  0.001236   0.03522        55       640    0.6093    0.5518    0.4894    0.2679   0.03677   0.02116  0.001321
   283/299     7.24G   0.02101    0.0124  0.001301   0.03472        40       640    0.6095    0.5514    0.4893    0.2681   0.03677   0.02117  0.001321
   284/299     7.24G   0.02104   0.01237  0.001301   0.03471        38       640    0.6098    0.5528    0.4891    0.2679   0.03678   0.02118   0.00132
   285/299     7.24G   0.02148   0.01255  0.001289   0.03532        39       640    0.6117    0.5516    0.4898    0.2681   0.03678   0.02119   0.00132
   286/299     7.24G   0.02136   0.01239  0.001318   0.03507        61       640    0.6115    0.5513    0.4899    0.2681   0.03679    0.0212   0.00132
   287/299     7.24G   0.02151   0.01251  0.001292   0.03531        42       640     0.611    0.5515    0.4898    0.2681   0.03679   0.02121  0.001319
   288/299     7.24G    0.0209   0.01253  0.001226   0.03465        57       640    0.6027    0.5587    0.4893    0.2679   0.03679   0.02123   0.00132
   289/299     7.24G   0.02143    0.0127  0.001283   0.03541        44       640    0.6018    0.5573    0.4892    0.2681    0.0368   0.02124   0.00132
   290/299     7.24G   0.02123   0.01246  0.001423   0.03511        36       640    0.6021    0.5568     0.489    0.2679    0.0368   0.02125   0.00132
   291/299     7.24G   0.02119   0.01259  0.001187   0.03496        53       640     0.603    0.5565     0.489     0.268   0.03681   0.02127   0.00132
   292/299     7.24G   0.02077   0.01215   0.00133   0.03426        49       640     0.602    0.5571    0.4887    0.2682   0.03682   0.02128  0.001321
   293/299     7.24G   0.02105   0.01241  0.001171   0.03464       105       640    0.6034     0.556    0.4888    0.2682   0.03682   0.02129  0.001321
   294/299     7.24G   0.02116   0.01254  0.001267   0.03497        76       640    0.6031    0.5542    0.4877    0.2681   0.03683   0.02131  0.001322
   295/299     7.24G   0.02099   0.01242  0.001243   0.03464        77       640    0.6043    0.5535    0.4875    0.2681   0.03683   0.02132  0.001321
   296/299     7.24G   0.02152   0.01257  0.001257   0.03535        69       640    0.6049    0.5537    0.4874     0.268   0.03683   0.02133  0.001322
   297/299     7.24G    0.0212   0.01247   0.00118   0.03486        51       640    0.6062    0.5546    0.4881    0.2677   0.03684   0.02134  0.001322
   298/299     7.24G   0.02127   0.01246  0.001236   0.03496        40       640    0.6065    0.5546     0.488    0.2677   0.03685   0.02136  0.001323
   299/299     7.24G   0.02104   0.01249  0.001198   0.03473        70       640    0.6068    0.5549    0.4884    0.2676   0.03685   0.02137  0.001324
