     0/299     6.31G    0.1003   0.03376         0    0.1341        70       640   0.07734    0.1261   0.03097  0.005779    0.0843   0.02443         0
     1/299     7.22G   0.07917   0.03534         0    0.1145        58       640    0.2099    0.2705    0.1455   0.04132   0.06966   0.02423         0
     2/299     7.22G   0.06611   0.03353         0   0.09964        61       640    0.3823    0.3888    0.3217    0.1041    0.0597   0.02182         0
     3/299     7.22G   0.06081   0.03028         0   0.09109        70       640    0.5452    0.4305    0.4477    0.1715   0.05443   0.01956         0
     4/299     7.22G   0.05738   0.02943         0   0.08681        67       640    0.5173    0.4842    0.4687    0.1844   0.05275   0.01904         0
     5/299     7.22G   0.05502   0.02889         0   0.08391        86       640    0.5181    0.4113    0.4247    0.1635   0.05281      0.02         0
     6/299     7.22G   0.05329   0.02835         0   0.08164        63       640    0.5139    0.4968    0.4779    0.1864    0.0514    0.0187         0
     7/299     7.22G   0.05168   0.02758         0   0.07926        82       640    0.5273     0.449    0.4506    0.1783   0.05175    0.0192         0
     8/299     7.22G    0.0499   0.02719         0   0.07709        74       640    0.4832    0.3994    0.3944    0.1562   0.05446   0.01932         0
     9/299     7.22G   0.04966   0.02761         0   0.07727        73       640    0.5301    0.5033    0.4919     0.203   0.05107   0.01865         0
    10/299     7.22G   0.04906   0.02764         0    0.0767        73       640     0.535    0.4755    0.4396    0.1741   0.05441   0.01968         0
    11/299     7.22G   0.04877   0.02727         0   0.07604        79       640    0.5163    0.4625    0.4452     0.179   0.05242   0.01995         0
    12/299     7.22G   0.04777   0.02698         0   0.07475        66       640    0.4306    0.5066    0.4021    0.1574   0.05106    0.0195         0
    13/299     7.22G   0.04719   0.02786         0   0.07505        64       640    0.5072    0.5163    0.4717    0.1841   0.05182   0.01955         0
    14/299     7.22G   0.05024   0.02656         0    0.0768        63       640    0.4754    0.5036     0.455    0.1844   0.05059   0.01875         0
    15/299     7.22G   0.04898   0.02649         0   0.07547        91       640    0.4635     0.448    0.4027    0.1546   0.05154   0.02144         0
    16/299     7.22G   0.04824   0.02713         0   0.07537        68       640    0.4245     0.387    0.3343    0.1189   0.05519   0.02043         0
    17/299     7.22G   0.04824   0.02714         0   0.07538        66       640    0.4735    0.4301    0.4111    0.1564   0.05239   0.02017         0
    18/299     7.22G   0.04747   0.02722         0   0.07469        86       640    0.4113    0.4446    0.3612    0.1371   0.05431   0.02064         0
    19/299     7.22G   0.04597   0.02672         0   0.07268        75       640    0.5323    0.4846    0.4548    0.1808   0.05317   0.01986         0
    20/299     7.22G   0.04594    0.0266         0   0.07253        60       640    0.5259    0.5025     0.464    0.1845   0.05144   0.01921         0
    21/299     7.22G   0.04581   0.02734         0   0.07315        85       640    0.4709    0.4823    0.4428    0.1749   0.05122   0.02009         0
    22/299     7.22G   0.04419   0.02653         0   0.07072        69       640    0.4501     0.437     0.379    0.1478   0.05328   0.02045         0
    23/299     7.22G   0.04395   0.02667         0   0.07062        82       640     0.518    0.5209    0.4752    0.1856   0.05082   0.01933         0
    24/299     7.22G   0.04378   0.02524         0   0.06902        50       640    0.5586    0.4654    0.4358    0.1766    0.0542   0.02029         0
    25/299     7.22G   0.04413   0.02559         0   0.06972        67       640    0.4759    0.5153    0.4359    0.1713   0.05189   0.01952         0
    26/299     7.22G   0.04298   0.02561         0   0.06859        58       640    0.5293    0.5332     0.478    0.1883   0.05083   0.01997         0
    27/299     7.22G   0.04251   0.02522         0   0.06773        71       640     0.511    0.4896    0.4459    0.1781    0.0525   0.01922         0
    28/299     7.22G   0.04256   0.02494         0    0.0675        69       640    0.5018    0.4915    0.4492    0.1757   0.05231   0.01914         0
    29/299     7.22G    0.0424   0.02505         0   0.06745        81       640    0.5401    0.4856    0.4589    0.1784   0.05256   0.01964         0
    30/299     7.22G   0.04161    0.0245         0   0.06611        69       640    0.5242    0.5057    0.4523     0.178   0.05116   0.01959         0
    31/299     7.22G   0.04081   0.02549         0    0.0663        86       640    0.4407    0.4567    0.3947    0.1482   0.05288   0.01991         0
    32/299     7.22G   0.04072   0.02477         0   0.06549        63       640    0.4746    0.4668    0.3923    0.1508   0.05424   0.02044         0
    33/299     7.22G   0.04074   0.02409         0   0.06482        59       640    0.5295    0.5206    0.4737    0.1939   0.05091   0.01942         0
    34/299     7.22G   0.03976   0.02417         0   0.06394        62       640    0.5406    0.5158    0.4669    0.1914   0.05257   0.01977         0
    35/299     7.22G    0.0398   0.02458         0   0.06438        74       640    0.5615    0.5186    0.4756    0.1932   0.05142   0.01984         0
    36/299     7.22G   0.03935   0.02331         0   0.06266        68       640    0.5234    0.5181    0.4737    0.1985   0.05083   0.01963         0
    37/299     7.22G   0.03899   0.02306         0   0.06206        75       640    0.4909    0.5222    0.4607    0.1856   0.05191   0.01978         0
    38/299     7.22G   0.03917   0.02394         0   0.06311        76       640    0.5757    0.4946      0.47    0.1923   0.05289   0.01966         0
    39/299     7.22G   0.03873   0.02444         0   0.06317        80       640    0.4831    0.4888    0.4233    0.1694   0.05125   0.01998         0
    40/299     7.22G    0.0388   0.02423         0   0.06303        92       640    0.4947    0.5209    0.4447    0.1793     0.051   0.02004         0
    41/299     7.22G   0.03839   0.02294         0   0.06133        69       640    0.5666    0.5226    0.4793    0.1981   0.05055   0.01959         0
    42/299     7.22G   0.03758   0.02283         0   0.06041        75       640    0.5174    0.4969    0.4338    0.1699   0.05158   0.02031         0
    43/299     7.22G   0.03729   0.02288         0   0.06017        56       640    0.5711    0.5053     0.477    0.1891   0.05231   0.02109         0
    44/299     7.22G   0.03759   0.02295         0   0.06053        74       640     0.451    0.5177    0.4193    0.1626   0.05162   0.02034         0
    45/299     7.22G   0.03706   0.02268         0   0.05974        83       640    0.4975    0.4911    0.4315    0.1739   0.05152   0.02066         0
    46/299     7.22G   0.03691   0.02264         0   0.05954        74       640    0.5506    0.4984    0.4626    0.1977   0.05148   0.02069         0
    47/299     7.22G   0.03669   0.02251         0    0.0592        72       640    0.5725    0.5342    0.4728    0.1987    0.0521   0.02043         0
    48/299     7.22G   0.03629   0.02215         0   0.05844        75       640    0.5229    0.5332    0.4714    0.1997   0.05125   0.02076         0
    49/299     7.22G   0.03651   0.02158         0   0.05809        62       640    0.5565     0.508    0.4705     0.201   0.05105   0.02047         0
    50/299     7.22G   0.03636   0.02194         0    0.0583        69       640     0.545    0.5268    0.4578    0.1907   0.05091   0.02107         0
    51/299     7.22G   0.03578   0.02221         0   0.05799        68       640    0.5612     0.525     0.471    0.1879   0.05219   0.02113         0
    52/299     7.22G   0.03525   0.02229         0   0.05754        67       640    0.5368    0.5308    0.4513    0.1841   0.05152   0.02093         0
    53/299     7.22G   0.03546   0.02167         0   0.05713        80       640    0.5384     0.503     0.453     0.183   0.05164   0.02077         0
    54/299     7.22G   0.03516   0.02131         0   0.05647        65       640    0.5599    0.5122    0.4566     0.188   0.05134   0.02077         0
    55/299     7.22G   0.03502   0.02189         0   0.05691        69       640    0.5238    0.5245     0.457    0.1874   0.05205   0.02079         0
    56/299     7.22G   0.03488   0.02213         0   0.05702       101       640    0.5716    0.5095    0.4746    0.1977   0.05146   0.02106         0
    57/299     7.22G   0.03421   0.02207         0   0.05627        75       640    0.4339    0.5245    0.4083     0.165   0.05202   0.02108         0
    58/299     7.22G   0.03429   0.02122         0   0.05551        56       640    0.5261    0.5427    0.4508    0.1834   0.05316   0.02217         0
    59/299     7.22G   0.03398    0.0213         0   0.05529        81       640    0.5433    0.4869    0.4494    0.1766   0.05271   0.02158         0
    60/299     7.22G   0.03366   0.02086         0   0.05452        67       640    0.5761    0.4865    0.4567    0.1873   0.05197   0.02155         0
    61/299     7.22G   0.03374   0.02135         0   0.05508        57       640    0.5278    0.5294    0.4552    0.1894   0.05185   0.02146         0
    62/299     7.22G   0.03363   0.02112         0   0.05475        96       640    0.5827    0.4966    0.4638    0.1926   0.05124   0.02138         0
    63/299     7.22G   0.03325   0.02138         0   0.05464        77       640    0.4993    0.5392    0.4535    0.1785   0.05148   0.02121         0
    64/299     7.22G   0.03329   0.02092         0   0.05421        76       640    0.5434    0.4938    0.4381    0.1742   0.05234   0.02244         0
    65/299     7.22G   0.03279   0.02007         0   0.05287        69       640    0.5501    0.5186    0.4453    0.1849   0.05163   0.02281         0
    66/299     7.22G   0.03302   0.02048         0    0.0535        61       640      0.56    0.5011     0.431    0.1782   0.05248   0.02191         0
    67/299     7.22G   0.03269   0.02033         0   0.05303        76       640    0.5434    0.5254    0.4557    0.1877   0.05242   0.02151         0
    68/299     7.22G   0.03287   0.02016         0   0.05304        73       640    0.5557    0.5438    0.4767    0.1977   0.05192    0.0211         0
    69/299     7.22G   0.03188   0.02012         0     0.052        73       640    0.5362    0.5369    0.4638    0.1955   0.05249   0.02232         0
    70/299     7.22G   0.03163   0.01998         0   0.05161        73       640    0.5518     0.508     0.448    0.1801   0.05179   0.02223         0
    71/299     7.22G    0.0323   0.02025         0   0.05255        67       640    0.5625    0.4924    0.4564    0.1871   0.05143   0.02168         0
    72/299     7.22G   0.03177   0.02023         0     0.052        91       640    0.5554    0.5057    0.4436    0.1813   0.05162   0.02248         0
    73/299     7.22G   0.03124   0.02017         0   0.05141        79       640    0.5031    0.5401    0.4407    0.1844   0.05124   0.02197         0
    74/299     7.22G   0.03155      0.02         0   0.05155        57       640    0.5532    0.5236     0.454    0.1887   0.05202   0.02247         0
    75/299     7.22G   0.03101   0.01943         0   0.05044        84       640    0.5378     0.497     0.443    0.1819   0.05264    0.0221         0
    76/299     7.22G   0.03142    0.0195         0   0.05092        74       640    0.5274    0.5241    0.4457    0.1838   0.05264   0.02247         0
    77/299     7.22G   0.03113   0.01953         0   0.05066        81       640     0.519     0.525     0.435     0.174   0.05216   0.02283         0
    78/299     7.22G     0.031   0.01943         0   0.05044        75       640    0.5667    0.5351    0.4564    0.1888   0.05337   0.02339         0
    79/299     7.22G   0.03084   0.01924         0   0.05008        65       640    0.4795    0.5392    0.4106    0.1652   0.05289   0.02231         0
    80/299     7.22G   0.03075   0.01967         0   0.05042       102       640    0.5594    0.5268    0.4601    0.1913   0.05173   0.02272         0
    81/299     7.22G   0.03014    0.0192         0   0.04934        79       640    0.5404    0.5066    0.4327    0.1783   0.05173   0.02392         0
    82/299     7.22G   0.03028   0.01921         0   0.04949        84       640    0.5502    0.5287    0.4527    0.1846   0.05257   0.02314         0
    83/299     7.22G   0.02991   0.01923         0   0.04913        80       640    0.5656    0.5209    0.4365    0.1817    0.0525   0.02296         0
    84/299     7.22G   0.03013   0.01872         0   0.04885        63       640    0.5588    0.5048     0.438    0.1761   0.05282   0.02271         0
    85/299     7.22G   0.02949   0.01898         0   0.04847        72       640    0.5762    0.4931    0.4333    0.1772   0.05209   0.02348         0
    86/299     7.22G   0.03021   0.01907         0   0.04928        83       640    0.5706    0.5094    0.4442     0.185   0.05223   0.02323         0
    87/299     7.22G   0.02941   0.01864         0   0.04805        65       640    0.5391    0.5456    0.4527     0.184   0.05176   0.02307         0
    88/299     7.22G   0.02937   0.01844         0   0.04781        75       640    0.5626    0.5122     0.443    0.1807   0.05247   0.02432         0
    89/299     7.22G   0.02961   0.01863         0   0.04824        76       640    0.5411    0.5291    0.4525    0.1839    0.0523   0.02259         0
    90/299     7.22G   0.02934   0.01855         0   0.04788        74       640    0.5434     0.525    0.4353      0.18   0.05319   0.02312         0
    91/299     7.22G   0.02868   0.01854         0   0.04721        81       640    0.5457    0.5163    0.4465    0.1794   0.05246   0.02266         0
    92/299     7.22G   0.02885   0.01839         0   0.04724        82       640    0.5244    0.5452    0.4498    0.1828   0.05169   0.02341         0
    93/299     7.22G   0.02888   0.01865         0   0.04753        81       640    0.5556    0.5326    0.4506    0.1857   0.05139   0.02337         0
    94/299     7.22G   0.02844   0.01783         0   0.04627        84       640    0.5562    0.4918    0.4233    0.1729   0.05356   0.02492         0
    95/299     7.22G   0.02858   0.01883         0   0.04741        83       640    0.5614    0.5342    0.4469    0.1828   0.05248   0.02363         0
    96/299     7.22G   0.02881   0.01828         0   0.04709        80       640    0.5836    0.5071    0.4595     0.192   0.05155   0.02276         0
    97/299     7.22G   0.02842   0.01854         0   0.04696        74       640    0.5465    0.5619    0.4592    0.1867   0.05168   0.02248         0
    98/299     7.22G   0.02826   0.01814         0    0.0464        84       640    0.5633    0.5199    0.4488    0.1907   0.05245   0.02414         0
    99/299     7.22G     0.028   0.01777         0   0.04577        66       640     0.573    0.5254    0.4454    0.1797   0.05222   0.02413         0
   100/299     7.22G   0.02766   0.01832         0   0.04597        93       640    0.5534     0.534    0.4581    0.1876   0.05216   0.02428         0
   101/299     7.22G   0.02762   0.01754         0   0.04516        70       640     0.549     0.508    0.4376     0.178   0.05326   0.02385         0
   102/299     7.22G   0.02764    0.0172         0   0.04483        82       640    0.5752    0.5195    0.4492    0.1879   0.05246   0.02426         0
   103/299     7.22G   0.02768   0.01769         0   0.04537        65       640    0.5359    0.5342    0.4416    0.1824   0.05273   0.02436         0
   104/299     7.22G   0.02717   0.01782         0   0.04498        61       640    0.5313    0.5131    0.4426    0.1854   0.05192   0.02362         0
   105/299     7.22G   0.02769   0.01769         0   0.04538        58       640    0.5559    0.5135    0.4401    0.1857   0.05328   0.02465         0
   106/299     7.22G   0.02702   0.01727         0   0.04429        67       640    0.5366    0.5539    0.4439    0.1852   0.05286   0.02354         0
   107/299     7.22G   0.02737   0.01768         0   0.04505        74       640    0.5794    0.5199    0.4462    0.1848   0.05246   0.02464         0
   108/299     7.22G   0.02719   0.01778         0   0.04497        63       640    0.5537    0.5268    0.4442    0.1846    0.0525   0.02429         0
   109/299     7.22G   0.02688   0.01727         0   0.04415        87       640    0.5116    0.5122    0.4267    0.1795   0.05254   0.02493         0
   110/299     7.22G   0.02677   0.01721         0   0.04397        65       640    0.5384    0.5131    0.4286    0.1797    0.0528   0.02554         0
   111/299     7.22G   0.02692   0.01744         0   0.04436        61       640    0.5793    0.4915    0.4484    0.1861   0.05248   0.02426         0
   112/299     7.22G   0.02704   0.01696         0     0.044        74       640     0.543    0.5273     0.445    0.1895   0.05286   0.02399         0
   113/299     7.22G    0.0265   0.01704         0   0.04354        58       640    0.5609    0.5167    0.4405    0.1865   0.05289   0.02497         0
   114/299     7.22G   0.02673   0.01782         0   0.04455        69       640    0.5699    0.5158    0.4464    0.1833   0.05219   0.02448         0
   115/299     7.22G    0.0264   0.01701         0   0.04341        70       640    0.5566    0.5094    0.4339    0.1833   0.05295   0.02441         0
   116/299     7.22G     0.026   0.01715         0   0.04315        71       640    0.5734    0.5044    0.4382     0.184   0.05331   0.02482         0
   117/299     7.22G   0.02609   0.01681         0   0.04289        72       640    0.5766    0.5199    0.4489    0.1885    0.0526   0.02484         0
   118/299     7.22G   0.02678   0.01689         0   0.04367        64       640    0.5661    0.5122    0.4447     0.189   0.05164   0.02382         0
   119/299     7.22G   0.02578   0.01721         0     0.043        74       640    0.5617    0.5204    0.4422    0.1883   0.05232   0.02476         0
   120/299     7.22G   0.02611   0.01691         0   0.04302        75       640    0.5903    0.5167    0.4585    0.1907   0.05279   0.02457         0
   121/299     7.22G   0.02603   0.01692         0   0.04295        67       640    0.5748    0.4934    0.4402    0.1872   0.05247   0.02485         0
   122/299     7.22G   0.02583   0.01685         0   0.04268       117       640    0.5668    0.5089    0.4341    0.1845   0.05225   0.02482         0
   123/299     7.22G   0.02533   0.01679         0   0.04212        78       640     0.583     0.503    0.4352    0.1861   0.05283   0.02529         0
   124/299     7.22G   0.02554   0.01701         0   0.04254        90       640    0.5433    0.5374    0.4426    0.1895   0.05221   0.02496         0
   125/299     7.22G   0.02569   0.01702         0   0.04271        78       640    0.5636    0.5117    0.4423    0.1802   0.05246   0.02419         0
   126/299     7.22G    0.0256   0.01684         0   0.04243        51       640    0.5845    0.5224    0.4414    0.1877   0.05284   0.02494         0
   127/299     7.22G   0.02543   0.01667         0   0.04209        72       640    0.5809    0.5172    0.4528    0.1935   0.05228   0.02492         0
   128/299     7.22G   0.02571   0.01656         0   0.04227        83       640    0.5744    0.5053    0.4389    0.1829   0.05264   0.02474         0
   129/299     7.22G   0.02544   0.01648         0   0.04192        90       640    0.6026    0.4915    0.4423     0.186    0.0529   0.02504         0
   130/299     7.22G   0.02532   0.01648         0   0.04181        74       640    0.5923    0.5075    0.4537    0.1897   0.05274   0.02481         0
   131/299     7.22G   0.02469   0.01637         0   0.04107        91       640    0.6024     0.514     0.441     0.186   0.05337   0.02551         0
   132/299     7.22G   0.02484    0.0163         0   0.04114        75       640    0.5922    0.5181    0.4347    0.1831   0.05319   0.02577         0
   133/299     7.22G   0.02488   0.01611         0   0.04099        78       640    0.5775    0.5177    0.4379    0.1843   0.05289     0.025         0
   134/299     7.22G   0.02448   0.01596         0   0.04044        81       640     0.573    0.5287    0.4351    0.1839   0.05348   0.02622         0
   135/299     7.22G   0.02463   0.01615         0   0.04079        91       640    0.5571    0.5245    0.4371    0.1867   0.05226   0.02571         0
   136/299     7.22G   0.02438   0.01632         0   0.04071        67       640    0.5607    0.5202    0.4348    0.1832    0.0523   0.02593         0
   137/299     7.22G    0.0244   0.01639         0   0.04079        79       640    0.5602    0.5264    0.4291    0.1847    0.0525   0.02589         0
   138/299     7.22G   0.02423   0.01665         0   0.04088        84       640    0.5754    0.5122    0.4364    0.1842   0.05305   0.02562         0
   139/299     7.22G   0.02402   0.01568         0    0.0397        73       640    0.5898    0.5021    0.4429    0.1875   0.05307   0.02601         0
   140/299     7.22G   0.02458   0.01574         0   0.04032        73       640     0.547    0.5383    0.4392    0.1816   0.05298   0.02547         0
   141/299     7.22G   0.02445   0.01589         0   0.04034        77       640    0.5727    0.5204    0.4389    0.1815   0.05267   0.02572         0
   142/299     7.22G   0.02403   0.01579         0   0.03982        74       640    0.5725    0.5305    0.4405    0.1859   0.05347   0.02594         0
   143/299     7.22G   0.02417   0.01575         0   0.03992        83       640    0.5843    0.5177    0.4419    0.1848   0.05276   0.02567         0
   144/299     7.22G   0.02413   0.01602         0   0.04015        75       640    0.5842    0.5179    0.4342    0.1823   0.05359   0.02722         0
   145/299     7.22G   0.02383   0.01554         0   0.03938        84       640    0.5819     0.536    0.4468    0.1852   0.05259   0.02695         0
   146/299     7.22G   0.02358   0.01586         0   0.03944        89       640     0.601    0.5305    0.4513    0.1869   0.05268    0.0259         0
   147/299     7.22G   0.02369   0.01573         0   0.03942        66       640    0.5335    0.5658    0.4456    0.1892   0.05281   0.02584         0
   148/299     7.22G   0.02381   0.01578         0   0.03959        78       640    0.5754    0.5369    0.4579    0.1929   0.05227    0.0258         0
   149/299     7.22G   0.02364   0.01554         0   0.03918        75       640    0.6058    0.5227    0.4594    0.1941   0.05256   0.02608         0
   150/299     7.22G   0.02317   0.01531         0   0.03848        64       640     0.556    0.5543     0.455    0.1949   0.05211   0.02563         0
   151/299     7.22G   0.02342   0.01535         0   0.03877        66       640    0.5673    0.5227    0.4441    0.1915    0.0525   0.02569         0
   152/299     7.22G   0.02289    0.0154         0   0.03829        72       640    0.5764    0.5277     0.437    0.1872     0.053   0.02661         0
   153/299     7.22G   0.02295   0.01527         0   0.03821        73       640    0.5946    0.5144    0.4465    0.1927   0.05261   0.02686         0
   154/299     7.22G   0.02294   0.01548         0   0.03841        84       640    0.6072    0.5117    0.4444    0.1875   0.05305   0.02712         0
   155/299     7.22G   0.02288   0.01508         0   0.03795        67       640    0.5856    0.5218    0.4404     0.187   0.05339   0.02614         0
   156/299     7.22G   0.02286   0.01528         0   0.03814       104       640     0.582    0.5181     0.434    0.1824    0.0531   0.02676         0
   157/299     7.22G   0.02289   0.01508         0   0.03796        76       640    0.6011    0.5122    0.4425    0.1873   0.05242   0.02701         0
   158/299     7.22G   0.02266   0.01522         0   0.03788        66       640    0.5612    0.5273    0.4359    0.1858   0.05291    0.0269         0
   159/299     7.22G   0.02271   0.01498         0   0.03769        69       640    0.5577     0.529    0.4384    0.1802    0.0531   0.02713         0
   160/299     7.22G   0.02272   0.01503         0   0.03776        63       640    0.6337    0.4823    0.4367    0.1829   0.05307   0.02729         0
   161/299     7.22G   0.02278    0.0154         0   0.03818        66       640    0.5946    0.5126    0.4343    0.1843   0.05294   0.02651         0
   162/299     7.22G   0.02247   0.01543         0    0.0379        84       640    0.5736    0.5222    0.4406    0.1833   0.05315    0.0272         0
   163/299     7.22G   0.02226   0.01511         0   0.03737        78       640    0.5985    0.5119     0.439    0.1851   0.05301   0.02696         0
   164/299     7.22G   0.02242   0.01542         0   0.03784        79       640    0.5818    0.5158    0.4402     0.183    0.0533   0.02726         0
   165/299     7.22G    0.0226    0.0149         0    0.0375        72       640    0.6053    0.4888    0.4379    0.1871   0.05341   0.02709         0
   166/299     7.22G   0.02226   0.01498         0   0.03725        66       640    0.5655      0.53    0.4365     0.189    0.0532   0.02708         0
   167/299     7.22G   0.02208   0.01486         0   0.03694        69       640    0.5938    0.5076    0.4382     0.186   0.05347   0.02738         0
   168/299     7.22G   0.02197   0.01479         0   0.03677        70       640    0.5526    0.5483    0.4424    0.1844   0.05327   0.02741         0
   169/299     7.22G   0.02183   0.01457         0    0.0364        60       640    0.6112    0.4961    0.4308    0.1831   0.05359    0.0278         0
   170/299     7.22G   0.02147   0.01486         0   0.03633        79       640    0.5898    0.5103     0.442    0.1873   0.05312   0.02714         0
   171/299     7.22G   0.02183   0.01479         0   0.03662        78       640    0.5839    0.5186    0.4417    0.1901   0.05355   0.02731         0
   172/299     7.22G   0.02168   0.01461         0   0.03629        67       640    0.5823    0.5117    0.4321    0.1867   0.05325   0.02803         0
   173/299     7.22G    0.0216   0.01464         0   0.03624        56       640    0.5681     0.514    0.4306    0.1833   0.05317   0.02784         0
   174/299     7.22G   0.02176   0.01461         0   0.03637        62       640    0.5577    0.5245     0.432    0.1823   0.05344    0.0279         0
   175/299     7.22G   0.02165   0.01443         0   0.03608        65       640    0.6153    0.4851    0.4292    0.1852   0.05372   0.02833         0
   176/299     7.22G   0.02114   0.01456         0   0.03571        80       640    0.5602    0.5287    0.4366    0.1868   0.05286   0.02765         0
   177/299     7.22G   0.02152   0.01478         0    0.0363        80       640    0.5714    0.5342    0.4437    0.1891   0.05261   0.02723         0
   178/299     7.22G   0.02154   0.01461         0   0.03615        69       640    0.5887    0.5048    0.4435    0.1886   0.05355    0.0277         0
   179/299     7.22G   0.02109    0.0144         0   0.03549        79       640    0.5606    0.5429    0.4428    0.1836    0.0534   0.02743         0
   180/299     7.22G   0.02143   0.01448         0    0.0359        67       640    0.5583    0.5488    0.4432    0.1871   0.05272    0.0278         0
   181/299     7.22G   0.02126   0.01434         0   0.03561        70       640    0.6143    0.5048    0.4408    0.1853   0.05289   0.02774         0
   182/299     7.22G   0.02106    0.0142         0   0.03526        70       640    0.5847    0.5181    0.4415    0.1875   0.05301   0.02773         0
   183/299     7.22G   0.02095   0.01442         0   0.03537        78       640    0.6004    0.5044    0.4275    0.1788   0.05406    0.0281         0
   184/299     7.22G   0.02086   0.01468         0   0.03553        55       640    0.6303    0.4878    0.4358    0.1841   0.05344   0.02763         0
   185/299     7.22G   0.02104   0.01418         0   0.03522        81       640    0.5687    0.5205    0.4388    0.1881   0.05316   0.02804         0
   186/299     7.22G   0.02076   0.01422         0   0.03498        82       640    0.5698    0.5284    0.4433    0.1877   0.05301   0.02828         0
   187/299     7.22G   0.02062   0.01426         0   0.03488        75       640    0.5832     0.517    0.4422    0.1871   0.05329   0.02805         0
   188/299     7.22G   0.02093   0.01416         0   0.03509        62       640    0.5477    0.5442    0.4386    0.1851   0.05341   0.02802         0
   189/299     7.22G    0.0211    0.0141         0    0.0352        65       640    0.5808    0.5094    0.4322    0.1854   0.05411   0.02837         0
   190/299     7.22G   0.02056   0.01447         0   0.03503        71       640    0.5979    0.5112    0.4454    0.1915   0.05341   0.02793         0
   191/299     7.22G   0.02051   0.01408         0   0.03459        71       640    0.6008    0.5071    0.4428    0.1914   0.05382   0.02795         0
   192/299     7.22G   0.02081   0.01446         0   0.03526        78       640     0.598    0.5131    0.4452    0.1895   0.05385   0.02793         0
   193/299     7.22G   0.02059   0.01398         0   0.03457        58       640    0.6014    0.5066    0.4387    0.1885   0.05398   0.02778         0
   194/299     7.22G   0.02032   0.01409         0   0.03441        78       640    0.5856    0.5149    0.4317    0.1867   0.05382   0.02788         0
   195/299     7.22G   0.02076   0.01408         0   0.03484        91       640    0.5761    0.5277    0.4399    0.1866   0.05369   0.02828         0
   196/299     7.22G   0.02009   0.01395         0   0.03404        79       640    0.5823    0.5222    0.4411     0.187    0.0535   0.02841         0
   197/299     7.22G   0.02027   0.01398         0   0.03425        76       640    0.5898     0.525    0.4463    0.1903   0.05388   0.02861         0
   198/299     7.22G   0.01998   0.01406         0   0.03404        93       640    0.5802    0.5167    0.4353    0.1851   0.05366    0.0286         0
   199/299     7.22G   0.02026   0.01378         0   0.03404        76       640    0.5526    0.5337    0.4404    0.1877   0.05367   0.02818         0
   200/299     7.22G   0.02007   0.01369         0   0.03376        73       640    0.5643    0.5355    0.4495     0.194   0.05368   0.02847         0
   201/299     7.22G    0.0201   0.01403         0   0.03413        66       640     0.588    0.5078    0.4356    0.1866   0.05386   0.02848         0
   202/299     7.22G   0.01988   0.01401         0   0.03388        80       640    0.6003    0.4989    0.4367    0.1839   0.05359   0.02771         0
   203/299     7.22G      0.02   0.01378         0   0.03378        78       640    0.5652     0.525    0.4328    0.1825   0.05393   0.02827         0
   204/299     7.22G   0.01982   0.01397         0    0.0338        70       640    0.5946    0.5039    0.4274    0.1812   0.05411   0.02879         0
   205/299     7.22G   0.01959   0.01366         0   0.03324        70       640    0.5858    0.4956    0.4234    0.1817   0.05428   0.02906         0
   206/299     7.22G    0.0199   0.01357         0   0.03347        77       640    0.5513    0.5332    0.4297    0.1826    0.0547   0.02869         0
   207/299     7.22G   0.01959   0.01347         0   0.03306        72       640    0.5753    0.5232    0.4313    0.1819   0.05426    0.0289         0
   208/299     7.22G   0.01943   0.01368         0   0.03311        54       640    0.5919    0.5153    0.4353    0.1848   0.05412   0.02884         0
   209/299     7.22G   0.01949   0.01359         0   0.03307        65       640    0.5948    0.5177    0.4375    0.1861   0.05453   0.02874         0
   210/299     7.22G   0.01937    0.0134         0   0.03277        70       640    0.5748    0.5263    0.4365    0.1878   0.05457   0.02897         0
   211/299     7.22G   0.01924   0.01343         0   0.03267        73       640    0.5718    0.5314     0.436    0.1837   0.05475   0.02885         0
   212/299     7.22G   0.01917   0.01335         0   0.03252        79       640    0.6048    0.4998    0.4377    0.1871   0.05417    0.0288         0
   213/299     7.22G   0.01957   0.01363         0    0.0332        73       640    0.5825    0.5304    0.4455    0.1917   0.05406   0.02884         0
   214/299     7.22G   0.01896   0.01311         0   0.03206        68       640     0.575    0.5198    0.4294    0.1869   0.05375   0.02892         0
   215/299     7.22G   0.01893    0.0132         0   0.03214        68       640    0.5582    0.5287    0.4326     0.186   0.05376    0.0289         0
   216/299     7.22G   0.01895   0.01344         0    0.0324        70       640    0.5497     0.541    0.4345    0.1881   0.05342    0.0288         0
   217/299     7.22G   0.01908   0.01346         0   0.03254        81       640    0.5864    0.5204    0.4369    0.1867   0.05367   0.02884         0
   218/299     7.22G   0.01877   0.01321         0   0.03198        66       640    0.5941     0.514    0.4405     0.187   0.05359   0.02865         0
   219/299     7.22G   0.01913   0.01334         0   0.03247       102       640    0.5803    0.5227    0.4381    0.1883   0.05364   0.02868         0
   220/299     7.22G     0.019   0.01324         0   0.03224        65       640    0.5716    0.5296    0.4307    0.1855   0.05343   0.02915         0
   221/299     7.22G   0.01851   0.01315         0   0.03166        65       640    0.5983    0.5176    0.4349    0.1859    0.0536   0.02952         0
   222/299     7.22G   0.01864   0.01322         0   0.03186        79       640    0.6017    0.5153    0.4365    0.1866   0.05353   0.02938         0
   223/299     7.22G   0.01855   0.01306         0    0.0316        85       640    0.5615    0.5456    0.4368    0.1859   0.05343   0.02907         0
   224/299     7.22G   0.01872   0.01321         0   0.03193        81       640    0.5895    0.5222    0.4385    0.1886   0.05338   0.02897         0
   225/299     7.22G   0.01894   0.01317         0   0.03211        75       640    0.5962    0.5178    0.4351    0.1847   0.05339   0.02881         0
   226/299     7.22G    0.0186   0.01304         0   0.03164        53       640     0.591    0.5268     0.439    0.1871   0.05333   0.02876         0
   227/299     7.22G   0.01869   0.01306         0   0.03176        83       640     0.588     0.519    0.4313    0.1857   0.05352   0.02929         0
   228/299     7.22G    0.0189   0.01306         0   0.03196        78       640     0.583    0.5231    0.4361    0.1875   0.05342   0.02934         0
   229/299     7.22G   0.01839   0.01311         0    0.0315        61       640    0.5758    0.5291    0.4341    0.1869   0.05375   0.02936         0
   230/299     7.22G   0.01851   0.01358         0   0.03209       103       640    0.5842    0.5263    0.4285    0.1871   0.05403   0.02937         0
   231/299     7.22G   0.01826   0.01273         0   0.03099        71       640    0.5801    0.5208    0.4245    0.1841   0.05397   0.02972         0
   232/299     7.22G   0.01837   0.01295         0   0.03132        70       640    0.5642    0.5296    0.4269    0.1867   0.05362   0.02997         0
   233/299     7.22G   0.01813   0.01284         0   0.03097        65       640    0.5673    0.5172    0.4205    0.1814    0.0537   0.02971         0
   234/299     7.22G   0.01835   0.01297         0   0.03132        72       640    0.5819    0.5167     0.419    0.1818   0.05374   0.02994         0
   235/299     7.22G   0.01853   0.01299         0   0.03153        87       640     0.558    0.5303    0.4211    0.1814   0.05369   0.02976         0
   236/299     7.22G   0.01831   0.01292         0   0.03123        85       640    0.5718    0.5268    0.4282    0.1816   0.05379   0.02955         0
   237/299     7.22G   0.01781    0.0129         0   0.03071        68       640    0.5663    0.5268    0.4314    0.1826   0.05369   0.02977         0
   238/299     7.22G   0.01814    0.0128         0   0.03094        66       640    0.5999    0.4979    0.4274    0.1827   0.05358   0.03005         0
   239/299     7.22G   0.01801   0.01276         0   0.03077        72       640    0.5806    0.5199    0.4305    0.1841   0.05359   0.03028         0
   240/299     7.22G   0.01766   0.01254         0   0.03021        62       640    0.5849    0.5116     0.428    0.1845   0.05348   0.03044         0
   241/299     7.22G   0.01804   0.01266         0    0.0307        61       640    0.5731    0.5188    0.4285    0.1865   0.05361   0.03044         0
   242/299     7.22G   0.01797   0.01289         0   0.03085        75       640     0.594    0.4944    0.4224    0.1836   0.05355   0.03062         0
   243/299     7.22G   0.01804   0.01295         0   0.03099        69       640    0.5378    0.5447    0.4253    0.1838   0.05326   0.03079         0
   244/299     7.22G   0.01753   0.01237         0   0.02989        64       640    0.5999    0.5025    0.4287    0.1845   0.05336   0.03057         0
   245/299     7.22G   0.01775   0.01272         0   0.03047        65       640    0.5677    0.5296    0.4326    0.1862   0.05364   0.03069         0
   246/299     7.22G   0.01792   0.01257         0   0.03048        70       640    0.5733    0.5174    0.4269     0.184   0.05384   0.03022         0
   247/299     7.22G   0.01754   0.01244         0   0.02998        76       640    0.5819    0.5163    0.4304    0.1854   0.05362   0.03023         0
   248/299     7.22G   0.01757   0.01294         0   0.03051        88       640    0.5872    0.5135    0.4309    0.1859   0.05345   0.03039         0
   249/299     7.22G   0.01771    0.0126         0   0.03031        77       640    0.5749     0.525    0.4313    0.1866   0.05363   0.03045         0
   250/299     7.22G   0.01772    0.0124         0   0.03012        61       640    0.5831    0.5218    0.4309    0.1869   0.05375   0.03032         0
   251/299     7.22G   0.01782   0.01254         0   0.03035        76       640    0.5948    0.5062    0.4281    0.1855   0.05355    0.0301         0
   252/299     7.22G   0.01759   0.01274         0   0.03033        74       640    0.5706    0.5221    0.4287    0.1858   0.05349   0.03005         0
   253/299     7.22G   0.01773   0.01274         0   0.03047        85       640    0.5883     0.508    0.4205    0.1838   0.05359   0.03034         0
   254/299     7.22G    0.0172   0.01248         0   0.02968        81       640    0.5857    0.5154    0.4207    0.1843   0.05372   0.03044         0
   255/299     7.22G   0.01724    0.0125         0   0.02975        72       640    0.5841    0.5112    0.4236    0.1852   0.05377   0.03059         0
   256/299     7.22G   0.01746   0.01251         0   0.02997        99       640    0.5952    0.5076    0.4232    0.1861   0.05383   0.03078         0
   257/299     7.22G    0.0175   0.01245         0   0.02995        81       640    0.5992    0.5039    0.4229     0.186   0.05376   0.03062         0
   258/299     7.22G   0.01744   0.01255         0   0.02999        62       640    0.5847    0.5218    0.4242    0.1851   0.05382   0.03067         0
   259/299     7.22G   0.01725    0.0123         0   0.02954        70       640    0.5625     0.534    0.4264    0.1865   0.05385   0.03074         0
   260/299     7.22G    0.0174   0.01242         0   0.02982        70       640    0.5791    0.5167    0.4251     0.186   0.05382   0.03062         0
   261/299     7.22G   0.01718   0.01243         0    0.0296        83       640    0.5937     0.514    0.4321    0.1855   0.05389   0.03038         0
   262/299     7.22G   0.01721   0.01261         0   0.02982        65       640    0.5852    0.5163    0.4251     0.185   0.05399   0.03057         0
   263/299     7.22G   0.01739   0.01216         0   0.02955        59       640    0.6058    0.5007    0.4236    0.1834   0.05403   0.03058         0
   264/299     7.22G   0.01714   0.01199         0   0.02913        89       640    0.6172    0.5019    0.4274    0.1845   0.05383    0.0307         0
   265/299     7.22G   0.01722   0.01246         0   0.02968        67       640    0.5938    0.5204    0.4285    0.1847   0.05386    0.0306         0
   266/299     7.22G   0.01681   0.01239         0    0.0292        80       640    0.5717    0.5259    0.4263     0.184   0.05394   0.03074         0
   267/299     7.22G   0.01709   0.01216         0   0.02926        48       640    0.6054    0.4989    0.4247    0.1838   0.05389   0.03072         0
   268/299     7.22G   0.01693   0.01225         0   0.02918        86       640    0.5874    0.5143    0.4268    0.1833   0.05375   0.03082         0
   269/299     7.22G   0.01692   0.01216         0   0.02907        73       640    0.5948    0.5085    0.4265    0.1844   0.05385   0.03102         0
   270/299     7.22G   0.01695   0.01197         0   0.02892        68       640    0.6074    0.5025    0.4297    0.1868   0.05389   0.03094         0
   271/299     7.22G   0.01713   0.01229         0   0.02942        66       640     0.584    0.5167    0.4291    0.1852   0.05409   0.03091         0
   272/299     7.22G   0.01678   0.01219         0   0.02897        71       640    0.5897    0.5148    0.4284    0.1853   0.05409   0.03104         0
   273/299     7.22G   0.01673   0.01218         0   0.02891        69       640    0.5805    0.5126    0.4222    0.1831   0.05412   0.03114         0
   274/299     7.22G    0.0166   0.01183         0   0.02843        69       640    0.5733    0.5162    0.4227    0.1833   0.05409   0.03131         0
   275/299     7.22G   0.01677   0.01204         0   0.02881        77       640    0.5568    0.5296    0.4233    0.1847   0.05402    0.0312         0
   276/299     7.22G   0.01698   0.01186         0   0.02884        69       640    0.5699    0.5176      0.42    0.1835   0.05429   0.03135         0
   277/299     7.22G    0.0169   0.01186         0   0.02876        70       640    0.5667    0.5199    0.4223    0.1846   0.05442   0.03132         0
   278/299     7.22G   0.01661   0.01203         0   0.02864        77       640    0.5765    0.5163    0.4225    0.1818   0.05452   0.03132         0
   279/299     7.22G    0.0167   0.01238         0   0.02908        59       640    0.5517    0.5305    0.4236    0.1819   0.05433   0.03129         0
   280/299     7.22G   0.01661   0.01211         0   0.02872        85       640    0.5866    0.5011    0.4227    0.1823    0.0542    0.0313         0
   281/299     7.22G   0.01673   0.01176         0   0.02848        77       640    0.5423    0.5368    0.4234    0.1828   0.05413    0.0312         0
   282/299     7.22G    0.0168   0.01215         0   0.02895        66       640     0.564    0.5225    0.4246    0.1834   0.05397   0.03117         0
   283/299     7.22G   0.01657   0.01206         0   0.02863        76       640    0.5674     0.522    0.4257    0.1839   0.05403   0.03128         0
   284/299     7.22G   0.01672   0.01195         0   0.02867        77       640    0.5801    0.5209    0.4225    0.1826   0.05421   0.03155         0
   285/299     7.22G    0.0167   0.01172         0   0.02842        80       640    0.5819    0.5177    0.4205    0.1823   0.05429   0.03165         0
   286/299     7.22G   0.01672   0.01191         0   0.02863        54       640    0.5808     0.514    0.4172     0.181   0.05443   0.03166         0
   287/299     7.22G   0.01665   0.01189         0   0.02854        94       640     0.574    0.5199    0.4195    0.1825   0.05442   0.03155         0
   288/299     7.22G   0.01627   0.01198         0   0.02824        84       640    0.5867    0.5129     0.422    0.1817    0.0544   0.03147         0
   289/299     7.22G   0.01634   0.01193         0   0.02826        77       640    0.5707     0.523    0.4208    0.1813   0.05452   0.03137         0
   290/299     7.22G   0.01649   0.01189         0   0.02838        65       640    0.5704    0.5279    0.4217     0.181   0.05443   0.03115         0
   291/299     7.22G   0.01646     0.012         0   0.02846        76       640    0.6053    0.5044    0.4253    0.1816   0.05428   0.03121         0
   292/299     7.22G   0.01643   0.01182         0   0.02825        68       640      0.58    0.5231    0.4258    0.1807   0.05423   0.03139         0
   293/299     7.22G   0.01649   0.01177         0   0.02826        89       640    0.5802     0.525    0.4226    0.1814    0.0543   0.03152         0
   294/299     7.22G   0.01648   0.01185         0   0.02833        65       640    0.5998    0.5089    0.4241    0.1819   0.05439   0.03156         0
   295/299     7.22G   0.01654   0.01175         0   0.02829        44       640    0.5772    0.5258    0.4226    0.1805   0.05436   0.03151         0
   296/299     7.22G   0.01648   0.01221         0   0.02868        64       640    0.5957    0.5108    0.4243    0.1805   0.05432   0.03141         0
   297/299     7.22G   0.01652    0.0119         0   0.02842        82       640    0.6041    0.5016    0.4249    0.1806    0.0544   0.03149         0
   298/299     7.22G   0.01631   0.01191         0   0.02821        71       640    0.5857    0.5144     0.425    0.1799   0.05428   0.03142         0
   299/299     7.22G   0.01624    0.0117         0   0.02794        75       640    0.5728    0.5222    0.4212    0.1794   0.05432   0.03142         0
