     0/299     6.14G   0.09464   0.07703   0.01686    0.1885       646       640    0.5146    0.5019    0.4574    0.1413   0.06208   0.06651  0.009588
     1/299     7.66G   0.06926   0.06529  0.005843    0.1404       674       640    0.6713    0.6914    0.7095    0.3084    0.0505   0.06023  0.004077
     2/299     7.66G    0.0594   0.06277  0.003039    0.1252       883       640     0.864     0.794    0.8543    0.4214   0.04461   0.05767  0.002501
     3/299     7.66G   0.05403    0.0621  0.002325    0.1185       581       640     0.883    0.8144    0.8591    0.4548   0.04204   0.05635    0.0022
     4/299     7.66G   0.05006   0.06014  0.002049    0.1122       541       640    0.8893    0.8365    0.8804    0.4718   0.04078    0.0559  0.001909
     5/299     7.66G   0.04765   0.05986  0.001716    0.1092       760       640    0.8947    0.8361    0.8954    0.4992   0.03908   0.05638  0.002147
     6/299     7.66G   0.05414   0.06331   0.00195    0.1194       758       640    0.8811    0.8039    0.8721    0.4561   0.04351   0.05844  0.003094
     7/299     7.66G   0.04992    0.0608  0.001868    0.1126       873       640    0.8893    0.8565    0.8968    0.5038   0.03904   0.05602   0.00277
     8/299     7.66G   0.04628   0.05896  0.001566    0.1068       789       640    0.9027    0.8513    0.9019    0.5096   0.03861   0.05589  0.001843
     9/299     7.66G   0.04489   0.05891  0.001321    0.1051       899       640    0.9155    0.8476     0.905    0.5239   0.03816    0.0555  0.001908
    10/299     7.66G   0.04403   0.05919  0.001285    0.1045       942       640    0.9075    0.8572    0.9081    0.5216   0.03787    0.0554   0.00157
    11/299     7.66G   0.04338   0.05774  0.001145    0.1023       561       640    0.9146    0.8597    0.9147    0.5281   0.03778   0.05485  0.001949
    12/299     7.66G   0.04272   0.05736  0.001092    0.1012       740       640    0.9153    0.8715    0.9174    0.5408   0.03683   0.05448  0.001546
    13/299     7.66G   0.04259   0.05684  0.001026    0.1004       608       640    0.9059    0.8722    0.9151    0.5363   0.03686   0.05442  0.001608
    14/299     7.66G   0.04179   0.05715  0.001021   0.09996       634       640    0.9058    0.8813    0.9237    0.5453   0.03668   0.05427  0.001441
    15/299     7.66G   0.04195   0.05704  0.001049       0.1       595       640    0.9132    0.8638    0.9156    0.5391   0.03669   0.05459  0.001521
    16/299     7.66G   0.04149   0.05723 0.0009038   0.09963       788       640    0.8955    0.8858    0.9188    0.5467   0.03652   0.05414  0.001353
    17/299     7.66G   0.04129   0.05659  0.000843   0.09872       843       640    0.9078    0.8708    0.9162    0.5418   0.03644   0.05415  0.001461
    18/299     7.66G    0.0408   0.05642 0.0008128   0.09803       396       640    0.9129    0.8774    0.9186    0.5453   0.03648   0.05425  0.001798
    19/299     7.66G   0.04072   0.05529 0.0008841   0.09689       600       640    0.9271    0.8615    0.9226    0.5495   0.03621   0.05398  0.001887
    20/299     7.66G   0.04113   0.05608 0.0007917     0.098       608       640    0.9189     0.877    0.9238    0.5549   0.03607    0.0541  0.001469
    21/299     7.66G   0.04055   0.05636 0.0007717   0.09768       706       640    0.9053    0.8781    0.9213    0.5458   0.03654   0.05432  0.001602
    22/299     7.66G   0.04062   0.05601 0.0007527   0.09738       710       640    0.9188    0.8842    0.9282    0.5551   0.03587   0.05373  0.001481
    23/299     7.66G   0.04048   0.05643 0.0006808   0.09759       605       640    0.9327    0.8723    0.9276    0.5558   0.03595   0.05371  0.001231
    24/299     7.66G   0.03994   0.05452 0.0007362   0.09519       484       640    0.9197    0.8781    0.9227    0.5515   0.03605     0.054  0.001446
    25/299     7.66G   0.03996   0.05505 0.0007035   0.09572       515       640    0.9181    0.8759    0.9242    0.5498   0.03617   0.05414  0.001609
    26/299     7.66G   0.03983   0.05488 0.0006825   0.09539       915       640    0.9201    0.8863    0.9249    0.5572    0.0356   0.05369   0.00142
    27/299     7.66G   0.03978   0.05518 0.0006632   0.09562       575       640    0.9169    0.8796    0.9245    0.5572   0.03574   0.05401  0.001348
    28/299     7.66G   0.03983   0.05621  0.000643   0.09668       753       640    0.9173    0.8789    0.9226    0.5585   0.03579   0.05433  0.001589
    29/299     7.66G   0.03959   0.05559 0.0006595   0.09584       756       640    0.9141    0.8877     0.929    0.5616    0.0357   0.05388  0.001285
    30/299     7.66G   0.03946   0.05435 0.0006888    0.0945       542       640    0.9166    0.8788    0.9256    0.5588   0.03574   0.05392  0.001302
    31/299     7.66G   0.03935   0.05578   0.00061   0.09574       482       640    0.9073    0.8983    0.9307    0.5617   0.03566   0.05368  0.001201
    32/299     7.66G   0.03927   0.05403  0.000614   0.09391       701       640    0.9211    0.8874    0.9285     0.563   0.03552   0.05364   0.00136
    33/299     7.66G   0.03961   0.05457 0.0006432   0.09482       583       640    0.9173    0.8803    0.9242    0.5565   0.03557   0.05367  0.001635
    34/299     7.66G   0.03928   0.05432 0.0006659   0.09426       301       640    0.9272    0.8868     0.929    0.5602   0.03579   0.05368  0.001423
    35/299     7.66G   0.03947   0.05542 0.0006153   0.09551       855       640    0.9204    0.8826    0.9267    0.5613   0.03581   0.05373  0.001626
    36/299     7.66G   0.03926   0.05391 0.0005889   0.09376       544       640    0.9269    0.8831    0.9271    0.5633   0.03568   0.05391  0.001366
    37/299     7.66G    0.0393   0.05466 0.0005921   0.09455       850       640    0.9268    0.8758    0.9264    0.5613   0.03575   0.05364   0.00164
    38/299     7.66G   0.03894   0.05406 0.0006306   0.09363       467       640    0.9156    0.8888    0.9302    0.5617   0.03563   0.05375  0.001574
    39/299     7.66G   0.03901   0.05503 0.0005423   0.09458       745       640    0.9152    0.8923    0.9306    0.5678   0.03531   0.05324   0.00156
    40/299     7.66G   0.03888   0.05405 0.0005766   0.09351       417       640    0.9185    0.8926    0.9302    0.5649   0.03545   0.05352  0.001419
    41/299     7.66G   0.03896   0.05453 0.0005737   0.09406       686       640    0.9195    0.8889    0.9292    0.5637   0.03542   0.05357  0.001371
    42/299     7.66G   0.03863   0.05324 0.0005677   0.09244       696       640    0.9197    0.8873    0.9299    0.5652   0.03548    0.0536  0.001409
    43/299     7.66G   0.03854   0.05458 0.0005841    0.0937       503       640    0.9267     0.887    0.9302    0.5669   0.03562   0.05367  0.001356
    44/299     7.66G   0.03859   0.05388 0.0005617   0.09304       468       640    0.9213    0.8906    0.9316    0.5637   0.03554   0.05371   0.00136
    45/299     7.66G   0.03885   0.05351  0.000554   0.09292       915       640    0.9296    0.8898    0.9326     0.568   0.03528   0.05343  0.001402
    46/299     7.66G   0.03879   0.05517  0.000511   0.09447       628       640    0.9269    0.8872    0.9285    0.5664   0.03553    0.0537  0.001387
    47/299     7.66G   0.03832    0.0545 0.0005644   0.09338       398       640    0.9212    0.8939    0.9304    0.5704   0.03541   0.05358  0.001336
    48/299     7.66G   0.03827    0.0543 0.0005252   0.09309       471       640    0.9242    0.8939    0.9308    0.5703   0.03551   0.05393  0.001471
    49/299     7.66G   0.03829   0.05391 0.0005608   0.09276       704       640    0.9261    0.8935    0.9312    0.5686   0.03539   0.05378   0.00111
    50/299     7.66G   0.03842   0.05357 0.0005118    0.0925       793       640    0.9341    0.8831    0.9311    0.5695   0.03535   0.05376  0.001126
    51/299     7.66G    0.0381   0.05319 0.0005135    0.0918       768       640     0.927    0.8917    0.9308     0.569   0.03529   0.05332  0.001377
    52/299     7.66G   0.03851   0.05292 0.0004826   0.09192       912       640    0.9217    0.8879      0.93    0.5663   0.03563   0.05397  0.001344
    53/299     7.66G   0.03833   0.05376 0.0004945   0.09258       570       640    0.9257    0.8916    0.9316     0.572   0.03543   0.05353  0.001124
    54/299     7.66G   0.03805   0.05333 0.0005033   0.09188       648       640    0.9273    0.8919    0.9342    0.5729   0.03527   0.05363  0.001384
    55/299     7.66G   0.03812   0.05334 0.0005172   0.09198       417       640    0.9299    0.8902    0.9307    0.5723   0.03521   0.05356  0.001267
    56/299     7.66G   0.03782   0.05284 0.0004884   0.09114       817       640    0.9284    0.8898    0.9313    0.5694   0.03527   0.05373  0.001348
    57/299     7.66G   0.03791   0.05293 0.0004817   0.09132       589       640    0.9158    0.8977    0.9327    0.5693   0.03536    0.0536  0.001454
    58/299     7.66G   0.03808   0.05368 0.0005098   0.09228       557       640    0.9292    0.8927    0.9302    0.5702   0.03542   0.05365  0.001221
    59/299     7.66G   0.03768   0.05241 0.0004575   0.09056       615       640    0.9252    0.8917     0.931    0.5726   0.03515   0.05344  0.001358
    60/299     7.66G   0.03807   0.05311 0.0005028   0.09168       598       640    0.9302    0.8913    0.9325      0.57   0.03544   0.05352   0.00123
    61/299     7.66G   0.03764   0.05264 0.0004757   0.09076       409       640    0.9305    0.8908    0.9308    0.5742   0.03512   0.05345  0.001317
    62/299     7.66G   0.03806   0.05305 0.0004989   0.09161       642       640    0.9269    0.8968    0.9354    0.5761   0.03515   0.05332  0.001402
    63/299     7.66G   0.03792   0.05371 0.0004381   0.09206       688       640    0.9292    0.8943    0.9333     0.571   0.03523   0.05349  0.001384
    64/299     7.66G   0.03785   0.05282 0.0004883   0.09116       751       640    0.9117    0.8972    0.9304    0.5686   0.03529   0.05372  0.001611
    65/299     7.66G   0.03783   0.05324 0.0004699   0.09154      1158       640     0.924    0.8965    0.9314    0.5735    0.0352   0.05384  0.001254
    66/299     7.66G   0.03772   0.05302 0.0004817   0.09122       737       640    0.9264    0.8969     0.933    0.5734   0.03496   0.05332  0.001306
    67/299     7.66G   0.03761   0.05286 0.0004694   0.09093       742       640    0.9287    0.8947    0.9345    0.5747   0.03512   0.05342  0.001377
    68/299     7.66G   0.03763   0.05237 0.0004372   0.09044       607       640     0.923    0.9003    0.9327    0.5744   0.03507   0.05345   0.00139
    69/299     7.66G   0.03764   0.05366 0.0004571   0.09176       741       640    0.9272    0.8947    0.9311    0.5736   0.03508   0.05383  0.001584
    70/299     7.66G   0.03766   0.05336 0.0004742    0.0915       741       640    0.9288    0.8951    0.9326     0.574    0.0352   0.05362  0.001429
    71/299     7.66G   0.03756   0.05331 0.0004636   0.09133       576       640     0.924    0.9012    0.9332    0.5738   0.03522   0.05337  0.001259
    72/299     7.66G   0.03777   0.05356 0.0004515   0.09179       786       640    0.9278    0.8947     0.931    0.5763   0.03496   0.05347  0.001243
    73/299     7.66G    0.0373   0.05293 0.0004411   0.09067       580       640    0.9259    0.8967    0.9323    0.5732    0.0351   0.05367  0.001117
    74/299     7.66G   0.03761   0.05257  0.000434   0.09062       616       640    0.9335    0.8941    0.9327    0.5747   0.03513   0.05351  0.001268
    75/299     7.66G    0.0375   0.05327 0.0004181   0.09118       844       640    0.9246    0.8922    0.9317    0.5727   0.03517   0.05377  0.001348
    76/299     7.66G   0.03706   0.05253 0.0003806   0.08997       487       640    0.9243    0.8984    0.9319    0.5744   0.03494   0.05355  0.001415
    77/299     7.66G   0.03751    0.0529 0.0004562   0.09087       847       640    0.9196    0.9005    0.9303    0.5737   0.03519   0.05346  0.001273
    78/299     7.66G   0.03738   0.05324 0.0004166   0.09104       558       640    0.9271    0.8973    0.9323    0.5736   0.03527   0.05378  0.001303
    79/299     7.66G    0.0372    0.0521 0.0004484   0.08975       518       640    0.9229    0.8994     0.933    0.5752   0.03522   0.05376  0.001252
    80/299     7.66G   0.03708   0.05319  0.000475   0.09075       582       640    0.9247    0.8996    0.9329    0.5761   0.03502   0.05352  0.001234
    81/299     7.66G   0.03734   0.05208  0.000446   0.08987       693       640    0.9306    0.8953     0.933    0.5744   0.03503   0.05368  0.001242
    82/299     7.66G   0.03715   0.05274 0.0004383   0.09033       737       640    0.9287    0.8942    0.9355    0.5774   0.03504   0.05352  0.001282
    83/299     7.66G   0.03705   0.05217 0.0004236   0.08964       739       640    0.9314    0.8952      0.93    0.5756   0.03508   0.05366  0.001268
    84/299     7.66G   0.03709   0.05269 0.0004341   0.09021       584       640    0.9271    0.8961    0.9314    0.5745   0.03499   0.05359  0.001269
    85/299     7.66G   0.03719   0.05217 0.0004096   0.08977       706       640    0.9252    0.8993    0.9327    0.5765   0.03499   0.05366  0.001244
    86/299     7.66G   0.03702   0.05188 0.0003527   0.08925       747       640    0.9241    0.8998    0.9329    0.5738     0.035   0.05357  0.001283
    87/299     7.66G     0.037   0.05188  0.000363   0.08924       581       640    0.9305    0.8968    0.9336    0.5773    0.0349   0.05361  0.001349
    88/299     7.66G   0.03664   0.05203 0.0004036   0.08908       642       640    0.9322    0.8968    0.9339    0.5781   0.03492   0.05379  0.001258
    89/299     7.66G   0.03678   0.05194 0.0003801    0.0891       697       640    0.9271    0.8992    0.9316    0.5751     0.035   0.05371  0.001218
    90/299     7.66G   0.03674   0.05125 0.0004434   0.08843       672       640    0.9244    0.8991    0.9312    0.5746   0.03507   0.05382  0.001268
    91/299     7.66G   0.03663   0.05179 0.0004144   0.08883       758       640    0.9255    0.8979    0.9299     0.576   0.03492   0.05356  0.001217
    92/299     7.66G   0.03673   0.05131 0.0003815   0.08842       595       640    0.9309    0.8972    0.9319    0.5761   0.03487   0.05365  0.001266
    93/299     7.66G   0.03682   0.05146 0.0004006   0.08867       741       640    0.9201    0.9068    0.9326    0.5752   0.03501   0.05353  0.001282
    94/299     7.66G   0.03663   0.05129 0.0003858   0.08831       546       640    0.9296    0.9013    0.9334    0.5768   0.03502   0.05369  0.001187
    95/299     7.66G   0.03667   0.05156 0.0003728    0.0886       831       640    0.9274    0.8954    0.9325    0.5769   0.03509   0.05375  0.001327
    96/299     7.66G   0.03646   0.05098 0.0003742   0.08782       840       640    0.9277    0.8974    0.9331    0.5779    0.0351   0.05367  0.001331
    97/299     7.66G   0.03653   0.05132 0.0003886   0.08823       698       640    0.9304     0.894    0.9333    0.5779    0.0351   0.05376  0.001307
    98/299     7.66G   0.03675   0.05232 0.0004244   0.08949       630       640    0.9295    0.8969    0.9345    0.5779   0.03492   0.05384  0.001288
    99/299     7.66G   0.03666   0.05195 0.0003982     0.089       362       640    0.9285    0.9001    0.9348    0.5778   0.03492   0.05366  0.001178
   100/299     7.66G   0.03665   0.05294 0.0004206   0.09001       547       640    0.9323    0.8925    0.9335    0.5765   0.03483   0.05379  0.001098
   101/299     7.66G   0.03642   0.05172 0.0003685    0.0885       530       640    0.9272    0.9005    0.9334    0.5787   0.03492   0.05373  0.001236
   102/299     7.66G    0.0366    0.0521 0.0004198   0.08912       688       640    0.9272    0.8991    0.9337    0.5779   0.03492   0.05358  0.001271
   103/299     7.66G   0.03655   0.05137 0.0003744   0.08829       530       640    0.9259    0.9031    0.9348     0.578   0.03486    0.0537  0.001225
   104/299     7.66G   0.03637   0.05125 0.0003474   0.08797       511       640    0.9248    0.9045    0.9343    0.5786   0.03492   0.05376   0.00124
   105/299     7.66G   0.03623   0.05184 0.0004127   0.08848       769       640     0.925    0.9007    0.9344    0.5783   0.03485   0.05382  0.001331
   106/299     7.66G   0.03591   0.05003 0.0003869   0.08632       625       640    0.9246     0.901    0.9344    0.5778   0.03481   0.05401   0.00136
   107/299     7.66G   0.03619   0.05093 0.0003604   0.08748       455       640    0.9256    0.9053    0.9349    0.5784   0.03484   0.05382  0.001266
   108/299     7.66G   0.03622   0.05143 0.0003759   0.08802       622       640    0.9295    0.9032    0.9353    0.5795   0.03493   0.05382  0.001207
   109/299     7.66G   0.03633    0.0513 0.0003601   0.08799       774       640    0.9286    0.9003    0.9332    0.5787   0.03494   0.05392  0.001248
   110/299     7.66G   0.03626   0.05121 0.0003459   0.08782       597       640    0.9305    0.9011     0.934    0.5795   0.03497   0.05383  0.001296
   111/299     7.66G   0.03588   0.05063 0.0003596   0.08687       618       640    0.9292    0.8996    0.9353    0.5806   0.03488   0.05387  0.001404
   112/299     7.66G   0.03588   0.05121 0.0003867   0.08747      1156       640    0.9268    0.9028     0.935     0.581   0.03479   0.05364  0.001421
   113/299     7.66G   0.03591   0.05011 0.0003806    0.0864       760       640     0.928    0.9015    0.9355    0.5807   0.03482   0.05368  0.001377
   114/299     7.66G    0.0357   0.05046 0.0003668   0.08652       527       640    0.9234    0.9074    0.9338    0.5811   0.03485   0.05371  0.001236
   115/299     7.66G   0.03581   0.05074 0.0003633   0.08692       601       640    0.9305    0.9031    0.9328    0.5798   0.03491   0.05386  0.001232
   116/299     7.66G   0.03602   0.05106 0.0003705   0.08744       638       640    0.9308    0.9015    0.9347    0.5799   0.03482    0.0538  0.001311
   117/299     7.66G   0.03587   0.05124 0.0003551   0.08747       687       640    0.9301    0.8988    0.9338    0.5794   0.03487   0.05373  0.001366
   118/299     7.66G    0.0358   0.05106 0.0002954   0.08715       890       640    0.9276    0.9025    0.9351    0.5805   0.03488   0.05382  0.001397
   119/299     7.66G    0.0357   0.04991 0.0003307   0.08594       653       640     0.929     0.901     0.936    0.5817   0.03484   0.05375  0.001366
   120/299     7.66G   0.03573    0.0505 0.0003368   0.08657       883       640    0.9252    0.9054    0.9361    0.5807   0.03491   0.05387  0.001344
   121/299     7.66G   0.03553   0.04955 0.0003783   0.08546       577       640    0.9274    0.9054    0.9349    0.5799   0.03497   0.05387  0.001265
   122/299     7.66G    0.0358   0.05027 0.0003129   0.08638       384       640    0.9331    0.8997    0.9353    0.5789   0.03497   0.05397  0.001246
   123/299     7.66G   0.03543   0.05031 0.0003887   0.08613       515       640    0.9272    0.9061     0.934    0.5791   0.03492   0.05396  0.001194
   124/299     7.66G   0.03556   0.04991 0.0003499   0.08582       675       640    0.9309    0.9009    0.9348      0.58   0.03489   0.05394  0.001226
   125/299     7.66G   0.03536   0.04903 0.0003653   0.08476       636       640    0.9319    0.9014    0.9347    0.5814   0.03486   0.05392  0.001284
   126/299     7.66G   0.03557   0.05069 0.0003361    0.0866       570       640    0.9323    0.9021     0.936    0.5817   0.03486   0.05394  0.001317
   127/299     7.66G   0.03552   0.05037 0.0003463   0.08624       747       640      0.93    0.9018    0.9339    0.5813   0.03496   0.05404   0.00129
   128/299     7.66G   0.03538   0.05014  0.000366   0.08588       678       640    0.9274    0.9051    0.9355    0.5816   0.03492   0.05401  0.001242
   129/299     7.66G    0.0355   0.05007 0.0003712   0.08595       633       640    0.9299    0.9036    0.9359    0.5823    0.0349   0.05398  0.001199
   130/299     7.66G   0.03515   0.04899 0.0003176   0.08446       768       640    0.9286    0.9029    0.9367     0.582    0.0349   0.05406   0.00121
   131/299     7.66G   0.03507   0.04903  0.000332   0.08444       534       640      0.93    0.9024    0.9365    0.5816   0.03488   0.05399  0.001298
   132/299     7.66G   0.03516   0.05028  0.000278   0.08572       689       640    0.9309     0.905    0.9368    0.5819   0.03481   0.05396  0.001307
   133/299     7.66G   0.03537   0.05098 0.0003246   0.08668       570       640    0.9331    0.9027    0.9357    0.5807   0.03488   0.05407  0.001308
   134/299     7.66G   0.03518   0.05038 0.0003282   0.08589       791       640    0.9324    0.9024    0.9365    0.5808   0.03486   0.05406  0.001226
   135/299     7.66G   0.03491   0.04962 0.0002858   0.08481       708       640    0.9347    0.9017     0.935    0.5803    0.0349   0.05418  0.001202
   136/299     7.66G   0.03512    0.0499 0.0003414   0.08536       409       640    0.9321    0.9008    0.9354      0.58   0.03491   0.05419  0.001214
   137/299     7.66G   0.03486   0.04913 0.0002967   0.08428       606       640    0.9313    0.9033    0.9353    0.5797   0.03494   0.05422   0.00122
   138/299     7.66G   0.03507   0.04979 0.0002901   0.08515       660       640    0.9286    0.9065    0.9359     0.581   0.03489   0.05421  0.001252
   139/299     7.66G   0.03473   0.04827  0.000309   0.08331       710       640    0.9329    0.9009    0.9349    0.5816   0.03492   0.05424  0.001267
   140/299     7.66G     0.035   0.04969 0.0002937   0.08498       693       640    0.9268    0.9063    0.9345     0.581    0.0349   0.05426  0.001258
   141/299     7.66G   0.03507   0.05048 0.0002772   0.08582       496       640    0.9258    0.9066    0.9345    0.5806   0.03494   0.05432  0.001262
   142/299     7.66G   0.03498   0.05022 0.0003639   0.08556       658       640    0.9214    0.9086    0.9339    0.5802    0.0349    0.0544  0.001245
   143/299     7.66G   0.03477    0.0491 0.0002841   0.08416       560       640    0.9254    0.9075    0.9345    0.5808   0.03488   0.05439  0.001237
   144/299     7.66G   0.03469   0.04879 0.0003315   0.08381       368       640    0.9244    0.9077    0.9337    0.5806   0.03488   0.05441  0.001275
   145/299     7.66G   0.03466   0.04941 0.0003066   0.08438       684       640    0.9255    0.9061    0.9345    0.5801    0.0349   0.05443  0.001353
   146/299     7.66G   0.03452    0.0484 0.0003081   0.08322       507       640    0.9247    0.9071    0.9351    0.5807   0.03491   0.05442  0.001364
   147/299     7.66G   0.03507   0.05011 0.0003083   0.08549       523       640    0.9277    0.9041    0.9346    0.5804   0.03493   0.05444  0.001291
   148/299     7.66G   0.03469   0.04939 0.0003104   0.08439       510       640     0.929    0.9048    0.9359    0.5808    0.0349   0.05448  0.001287
   149/299     7.66G    0.0347   0.04981 0.0003104   0.08482       663       640    0.9282    0.9058    0.9354    0.5805   0.03491   0.05449  0.001325
   150/299     7.66G   0.03479   0.04977  0.000303   0.08486       662       640    0.9306    0.9032    0.9361    0.5808   0.03489   0.05453   0.00128
   151/299     7.66G   0.03487   0.05018 0.0003092   0.08536       544       640    0.9258    0.9082    0.9354    0.5809   0.03489    0.0545  0.001223
   152/299     7.66G    0.0347   0.04936 0.0003086   0.08437       541       640    0.9228    0.9101    0.9355    0.5813   0.03488   0.05451  0.001208
   153/299     7.66G    0.0346   0.04978 0.0002956   0.08468       865       640    0.9282    0.9047    0.9344    0.5799   0.03489    0.0546  0.001217
   154/299     7.66G   0.03432   0.04881 0.0002971   0.08343       766       640     0.922    0.9107    0.9342    0.5809   0.03489   0.05462  0.001229
   155/299     7.66G   0.03459   0.04927  0.000289   0.08414       471       640    0.9285    0.9042    0.9346    0.5803   0.03491   0.05466  0.001258
   156/299     7.66G   0.03428   0.04909 0.0002904   0.08366       673       640    0.9276    0.9063    0.9353    0.5805    0.0349   0.05463  0.001236
   157/299     7.66G   0.03443   0.04847 0.0002904   0.08319       520       640    0.9314    0.9025    0.9351    0.5795    0.0349   0.05465  0.001224
   158/299     7.66G   0.03439   0.04947 0.0002833   0.08414       643       640    0.9324    0.9028    0.9352    0.5791    0.0349    0.0547  0.001253
   159/299     7.66G   0.03437   0.04872 0.0002902   0.08338       960       640    0.9269    0.9068    0.9341    0.5792   0.03488    0.0547  0.001277
   160/299     7.66G   0.03432   0.04883 0.0002944   0.08345       556       640    0.9329    0.9019    0.9346    0.5792   0.03489    0.0547  0.001337
   161/299     7.66G    0.0344   0.04866 0.0003033   0.08337       951       640    0.9275    0.9078    0.9354    0.5795   0.03486   0.05465  0.001382
   162/299     7.66G   0.03421   0.04969 0.0002822   0.08418       699       640    0.9292    0.9068    0.9349    0.5792   0.03488   0.05462  0.001355
   163/299     7.66G   0.03436   0.04904 0.0002849   0.08368       591       640    0.9294    0.9065    0.9347    0.5793    0.0349   0.05468  0.001332
   164/299     7.66G   0.03414   0.04875 0.0002966   0.08319       697       640    0.9303     0.905    0.9346    0.5794   0.03489   0.05471  0.001306
   165/299     7.66G   0.03393   0.04932 0.0002899   0.08354       587       640    0.9304    0.9052    0.9342    0.5787   0.03488   0.05472  0.001324
   166/299     7.66G   0.03404   0.04867 0.0002572   0.08297       806       640    0.9297    0.9049     0.934    0.5791   0.03489   0.05477  0.001354
   167/299     7.66G   0.03424   0.04917 0.0002542   0.08367      1069       640    0.9274    0.9071    0.9346    0.5791   0.03489   0.05481   0.00136
   168/299     7.66G   0.03373   0.04796 0.0002759   0.08197       742       640    0.9278    0.9068    0.9355    0.5792   0.03488   0.05482  0.001341
   169/299     7.66G   0.03387   0.04842 0.0002874   0.08258       707       640    0.9268    0.9086    0.9357    0.5792   0.03489   0.05482  0.001296
   170/299     7.66G   0.03392   0.04787 0.0002612   0.08205       615       640    0.9347    0.9013    0.9355    0.5794   0.03489   0.05483  0.001305
   171/299     7.66G   0.03391   0.04838 0.0002366   0.08252       690       640    0.9334    0.9014    0.9349     0.579   0.03489   0.05486  0.001305
   172/299     7.66G   0.03384   0.04808 0.0002941   0.08221       474       640     0.932    0.9025    0.9347     0.579    0.0349    0.0549  0.001285
   173/299     7.66G   0.03354   0.04876 0.0002731   0.08258       644       640    0.9306    0.9048    0.9347    0.5792   0.03493   0.05492  0.001277
   174/299     7.66G   0.03379   0.04765 0.0002433   0.08168       683       640    0.9292    0.9062    0.9344    0.5794   0.03494   0.05495  0.001285
   175/299     7.66G   0.03383   0.04831 0.0002769   0.08242       657       640     0.932    0.9034    0.9342    0.5793   0.03494   0.05496   0.00129
   176/299     7.66G   0.03358   0.04865 0.0002585   0.08249       799       640    0.9342     0.902    0.9345    0.5794   0.03494   0.05497  0.001301
   177/299     7.66G   0.03319   0.04665 0.0002643    0.0801       628       640    0.9331    0.9037    0.9343    0.5796   0.03495     0.055  0.001331
   178/299     7.66G   0.03352   0.04868 0.0002663   0.08247       520       640    0.9297    0.9065    0.9345    0.5798   0.03497   0.05501  0.001347
   179/299     7.66G    0.0333    0.0469 0.0002658   0.08047       606       640    0.9293    0.9057    0.9341    0.5792   0.03496   0.05503  0.001357
   180/299     7.66G   0.03378     0.048  0.000294   0.08208       501       640    0.9309    0.9036    0.9334    0.5783   0.03497   0.05507  0.001364
   181/299     7.66G   0.03348   0.04832 0.0002546   0.08205       638       640    0.9293    0.9051    0.9337    0.5781   0.03498   0.05512  0.001367
   182/299     7.66G   0.03341   0.04745 0.0002422   0.08111       467       640    0.9298    0.9047    0.9336    0.5783   0.03501   0.05516  0.001375
   183/299     7.66G   0.03337   0.04776 0.0002643    0.0814       884       640    0.9302    0.9046    0.9336    0.5785   0.03501   0.05517  0.001377
   184/299     7.66G   0.03344   0.04812 0.0002805   0.08184       628       640    0.9284     0.907    0.9339    0.5781   0.03502   0.05519  0.001385
   185/299     7.66G   0.03316   0.04777 0.0002824   0.08121       501       640    0.9285    0.9062    0.9337    0.5779   0.03505   0.05523  0.001402
   186/299     7.66G   0.03312   0.04702 0.0002591    0.0804       639       640      0.93    0.9043    0.9336     0.578   0.03506   0.05524  0.001416
   187/299     7.66G   0.03313   0.04753 0.0002692   0.08093       618       640    0.9317    0.9033    0.9335    0.5777   0.03507   0.05528  0.001414
   188/299     7.66G   0.03323    0.0474 0.0002573   0.08088       434       640    0.9304    0.9047    0.9335    0.5774   0.03509   0.05532  0.001405
   189/299     7.66G   0.03298   0.04707 0.0002751   0.08032       697       640    0.9316    0.9035    0.9336    0.5772   0.03509   0.05537  0.001394
   190/299     7.66G   0.03309   0.04638 0.0002375   0.07971       606       640    0.9347    0.9007    0.9337    0.5771   0.03509   0.05538  0.001384
   191/299     7.66G   0.03304   0.04719 0.0002493   0.08048       611       640    0.9347    0.9011    0.9336     0.577    0.0351   0.05541  0.001386
   192/299     7.66G   0.03282   0.04719 0.0002615   0.08028       397       640    0.9304    0.9069    0.9335    0.5772    0.0351   0.05544  0.001376
   193/299     7.66G   0.03311   0.04804 0.0002332   0.08138       522       640    0.9315    0.9047     0.934    0.5773   0.03509   0.05546  0.001385
   194/299     7.66G   0.03291   0.04741 0.0002468   0.08057       391       640     0.934    0.9026    0.9338    0.5774   0.03509   0.05551  0.001392
   195/299     7.66G   0.03294   0.04691  0.000249    0.0801       534       640    0.9337    0.9014    0.9336    0.5775   0.03509   0.05552  0.001396
   196/299     7.66G   0.03299   0.04709  0.000248   0.08032       626       640    0.9311    0.9038    0.9339    0.5774    0.0351   0.05554  0.001396
   197/299     7.66G   0.03273   0.04638 0.0002142   0.07932       592       640    0.9305    0.9048    0.9339    0.5772    0.0351   0.05556  0.001395
   198/299     7.66G   0.03272    0.0471   0.00022   0.08004       582       640    0.9329    0.9023    0.9338     0.577   0.03511   0.05558    0.0014
   199/299     7.66G   0.03269   0.04709 0.0002255      0.08       412       640    0.9322    0.9031    0.9338     0.577   0.03512   0.05561  0.001392
   200/299     7.66G   0.03248   0.04597 0.0002268   0.07868       509       640    0.9304    0.9048    0.9341     0.577   0.03513   0.05563  0.001384
   201/299     7.66G    0.0327   0.04718 0.0002466   0.08013       498       640    0.9306    0.9048    0.9345    0.5768   0.03514   0.05566  0.001376
   202/299     7.66G    0.0322   0.04546 0.0002525   0.07791       494       640    0.9323    0.9031    0.9347     0.577   0.03515   0.05568  0.001368
   203/299     7.66G    0.0328   0.04722 0.0002444   0.08026       450       640    0.9309    0.9044    0.9338    0.5766   0.03516    0.0557  0.001365
   204/299     7.66G   0.03269   0.04632  0.000222   0.07924       540       640    0.9308    0.9048    0.9338    0.5767   0.03517   0.05572  0.001359
   205/299     7.66G   0.03248   0.04611 0.0002274   0.07882       587       640    0.9312    0.9041    0.9337    0.5766   0.03517   0.05575  0.001352
   206/299     7.66G   0.03247   0.04656 0.0002172   0.07925       369       640    0.9242    0.9104    0.9334    0.5767   0.03518   0.05577  0.001348
   207/299     7.66G   0.03239   0.04594 0.0002223   0.07856       878       640     0.927    0.9088    0.9335    0.5768   0.03519   0.05579  0.001342
   208/299     7.66G   0.03227     0.046 0.0002562   0.07853       630       640    0.9269    0.9085    0.9335    0.5766   0.03519   0.05582  0.001333
   209/299     7.66G   0.03247   0.04607 0.0002286   0.07877       438       640    0.9273    0.9079    0.9335    0.5766    0.0352   0.05584  0.001326
   210/299     7.66G   0.03241   0.04615 0.0002289   0.07879       965       640    0.9275    0.9078    0.9337    0.5765    0.0352   0.05587  0.001325
   211/299     7.66G   0.03235   0.04666 0.0002048   0.07921       908       640    0.9315    0.9038    0.9337    0.5763    0.0352   0.05588  0.001328
   212/299     7.66G   0.03253   0.04684  0.000208   0.07957       616       640    0.9327    0.9023    0.9335    0.5764   0.03521    0.0559  0.001334
   213/299     7.66G   0.03224    0.0465 0.0002334   0.07898       669       640    0.9318    0.9036    0.9335    0.5762   0.03521   0.05592  0.001334
   214/299     7.66G   0.03193   0.04544 0.0002191    0.0776       479       640    0.9318    0.9038    0.9337    0.5763   0.03522   0.05594   0.00134
   215/299     7.66G   0.03224    0.0459 0.0002413   0.07838       587       640    0.9322    0.9038    0.9338    0.5761   0.03522   0.05595  0.001344
   216/299     7.66G   0.03226   0.04655 0.0002092   0.07901       710       640    0.9322    0.9038    0.9336    0.5761   0.03522   0.05596  0.001347
   217/299     7.66G   0.03221   0.04556 0.0002212   0.07799       545       640    0.9249    0.9107    0.9335    0.5763   0.03523   0.05598  0.001346
   218/299     7.66G   0.03202   0.04577 0.0002294   0.07801       650       640    0.9247    0.9109    0.9334    0.5761   0.03523     0.056   0.00134
   219/299     7.66G   0.03206    0.0463 0.0002538   0.07861       366       640    0.9328    0.9032    0.9335    0.5762   0.03523   0.05601  0.001332
   220/299     7.66G   0.03185   0.04534 0.0002125    0.0774       545       640    0.9314    0.9049    0.9336    0.5763   0.03522   0.05602  0.001329
   221/299     7.66G   0.03197    0.0457 0.0002147   0.07789       550       640    0.9332    0.9031    0.9336    0.5763   0.03523   0.05603  0.001328
   222/299     7.66G   0.03204   0.04569 0.0002098   0.07794       651       640    0.9252    0.9104    0.9335    0.5763   0.03523   0.05605  0.001325
   223/299     7.66G   0.03168   0.04492  0.000204   0.07681       381       640    0.9277    0.9087    0.9335    0.5761   0.03523   0.05607  0.001321
   224/299     7.66G   0.03163   0.04531 0.0002381   0.07717       603       640    0.9277    0.9088    0.9335    0.5758   0.03523   0.05609  0.001317
   225/299     7.66G   0.03195   0.04565 0.0002194   0.07781       620       640    0.9276    0.9089    0.9335    0.5757   0.03523   0.05611  0.001317
   226/299     7.66G   0.03178   0.04536 0.0002118   0.07735       641       640    0.9281    0.9088    0.9334    0.5758   0.03524   0.05612  0.001318
   227/299     7.66G    0.0316   0.04574 0.0002185   0.07756       660       640    0.9284    0.9086    0.9335    0.5755   0.03524   0.05613  0.001318
   228/299     7.66G   0.03154   0.04474 0.0002149   0.07649       638       640    0.9293    0.9079    0.9332    0.5757   0.03524   0.05615  0.001317
   229/299     7.66G   0.03182   0.04571 0.0001923   0.07772       406       640    0.9285    0.9089    0.9332    0.5758   0.03524   0.05616  0.001316
   230/299     7.66G   0.03181   0.04504 0.0002143   0.07707       687       640    0.9278    0.9096    0.9333    0.5758   0.03524   0.05617  0.001314
   231/299     7.66G   0.03164   0.04533 0.0002374   0.07721       918       640    0.9286     0.909    0.9333    0.5757   0.03525   0.05618   0.00131
   232/299     7.66G   0.03145   0.04527 0.0002033   0.07693       693       640    0.9278    0.9101    0.9335    0.5758   0.03524    0.0562   0.00131
   233/299     7.66G   0.03159   0.04635  0.000196   0.07813       594       640    0.9286    0.9097    0.9336    0.5759   0.03524   0.05622   0.00131
   234/299     7.66G   0.03162   0.04485 0.0001731   0.07663       650       640    0.9279      0.91    0.9334    0.5758   0.03525   0.05624  0.001308
   235/299     7.66G   0.03153   0.04559 0.0002164   0.07734       705       640    0.9283    0.9097    0.9331    0.5757   0.03525   0.05626  0.001306
   236/299     7.66G   0.03147   0.04493 0.0002022    0.0766       492       640    0.9301    0.9082     0.933    0.5758   0.03525   0.05628  0.001302
   237/299     7.66G   0.03169   0.04506 0.0002217   0.07697       696       640    0.9305    0.9077     0.933    0.5756   0.03525    0.0563  0.001299
   238/299     7.66G   0.03139   0.04511 0.0002205   0.07672       496       640    0.9315    0.9067     0.933    0.5758   0.03526   0.05632  0.001297
   239/299     7.66G   0.03157   0.04554 0.0002178   0.07733       780       640    0.9326    0.9054    0.9326    0.5756   0.03526   0.05633  0.001296
   240/299     7.66G   0.03144   0.04517 0.0001834   0.07679       474       640    0.9267    0.9111    0.9326    0.5753   0.03527   0.05635  0.001295
   241/299     7.66G   0.03169   0.04569 0.0001933   0.07757       715       640    0.9272    0.9107    0.9328    0.5752   0.03528   0.05637  0.001296
   242/299     7.66G   0.03115   0.04455 0.0001903   0.07589       860       640    0.9273    0.9108    0.9327    0.5755   0.03528   0.05639  0.001292
   243/299     7.66G   0.03118   0.04394 0.0002015   0.07532       686       640    0.9278    0.9104    0.9328    0.5754   0.03529    0.0564  0.001288
   244/299     7.66G   0.03093   0.04473 0.0001994   0.07586       788       640    0.9314    0.9066    0.9328    0.5757   0.03529   0.05642  0.001285
   245/299     7.66G   0.03139   0.04563 0.0002215   0.07724       898       640     0.931    0.9068    0.9328    0.5753    0.0353   0.05643  0.001286
   246/299     7.66G   0.03123   0.04484 0.0002185   0.07629       644       640    0.9308    0.9069    0.9326    0.5754    0.0353   0.05645  0.001284
   247/299     7.66G   0.03125   0.04533 0.0001837   0.07676       661       640    0.9264     0.911    0.9325    0.5755    0.0353   0.05647  0.001285
   248/299     7.66G   0.03147   0.04558 0.0002071   0.07725       446       640    0.9284    0.9091    0.9325    0.5753   0.03531   0.05649  0.001284
   249/299     7.66G   0.03095   0.04379 0.0001725   0.07492       728       640    0.9308    0.9068    0.9323    0.5753   0.03531   0.05651  0.001284
   250/299     7.66G   0.03099   0.04405 0.0001933   0.07523       528       640    0.9307     0.907    0.9326    0.5752   0.03531   0.05652  0.001282
   251/299     7.66G   0.03097   0.04479 0.0001864   0.07595       542       640    0.9264    0.9114    0.9324    0.5751   0.03532   0.05654  0.001282
   252/299     7.66G   0.03071   0.04388  0.000199   0.07479       508       640    0.9309    0.9068    0.9323    0.5751   0.03532   0.05655  0.001282
   253/299     7.66G   0.03109   0.04398 0.0001865   0.07526       647       640    0.9276      0.91    0.9323    0.5751   0.03532   0.05657  0.001283
   254/299     7.66G   0.03103   0.04428 0.0002029   0.07551       566       640    0.9274    0.9103    0.9321     0.575   0.03532   0.05658  0.001282
   255/299     7.66G   0.03072   0.04389 0.0001809    0.0748       537       640     0.928    0.9102    0.9324     0.575   0.03532   0.05659  0.001281
   256/299     7.66G   0.03081   0.04442 0.0001608    0.0754       792       640     0.928    0.9104    0.9324     0.575   0.03532   0.05661  0.001283
   257/299     7.66G   0.03119   0.04535 0.0001695   0.07671       725       640    0.9277    0.9105    0.9324    0.5749   0.03533   0.05662  0.001281
   258/299     7.66G   0.03078   0.04363 0.0001956    0.0746       435       640    0.9276    0.9108    0.9323     0.575   0.03533   0.05664   0.00128
   259/299     7.66G   0.03086   0.04468 0.0001844   0.07572       464       640    0.9307    0.9077    0.9324    0.5751   0.03533   0.05665  0.001278
   260/299     7.66G   0.03104   0.04443 0.0001878   0.07566       594       640    0.9315     0.907    0.9325    0.5749   0.03533   0.05666  0.001277
   261/299     7.66G   0.03087   0.04422 0.0001936   0.07528       667       640    0.9271    0.9113    0.9323    0.5746   0.03533   0.05667  0.001277
   262/299     7.66G   0.03073   0.04471 0.0001662   0.07561       573       640    0.9289    0.9092    0.9322    0.5745   0.03534   0.05668  0.001277
   263/299     7.66G   0.03072   0.04437 0.0001763   0.07527       603       640    0.9286    0.9097    0.9322    0.5745   0.03534   0.05669  0.001277
   264/299     7.66G   0.03064   0.04392 0.0002153   0.07478       660       640    0.9265    0.9114    0.9321    0.5745   0.03534    0.0567  0.001275
   265/299     7.66G   0.03066   0.04398  0.000193   0.07482       604       640    0.9266     0.911    0.9321    0.5746   0.03535   0.05671  0.001272
   266/299     7.66G   0.03092   0.04512 0.0001942   0.07623       600       640    0.9263    0.9113     0.932    0.5745   0.03535   0.05672  0.001269
   267/299     7.66G   0.03052   0.04434  0.000181   0.07505       945       640    0.9266    0.9108     0.932    0.5748   0.03535   0.05674  0.001269
   268/299     7.66G   0.03086   0.04467 0.0001941   0.07572       601       640    0.9308    0.9064    0.9321    0.5745   0.03536   0.05675  0.001268
   269/299     7.66G   0.03074    0.0446 0.0001734   0.07552       738       640    0.9283    0.9088    0.9321    0.5747   0.03536   0.05676  0.001267
   270/299     7.66G   0.03066   0.04392 0.0001736   0.07476       870       640    0.9254    0.9113     0.932     0.575   0.03536   0.05677  0.001267
   271/299     7.66G    0.0307   0.04456 0.0001755   0.07544       487       640    0.9255    0.9112    0.9318    0.5748   0.03536   0.05679  0.001268
   272/299     7.66G   0.03043   0.04415 0.0002073   0.07478       851       640    0.9284    0.9084    0.9318    0.5748   0.03536    0.0568  0.001267
   273/299     7.66G   0.03037   0.04372  0.000193   0.07429       375       640    0.9265    0.9098    0.9318    0.5748   0.03537   0.05682  0.001266
   274/299     7.66G   0.03061   0.04445 0.0001812   0.07524       443       640    0.9254    0.9106    0.9318    0.5745   0.03537   0.05683  0.001265
   275/299     7.66G   0.03055   0.04394 0.0001779   0.07467       587       640    0.9261    0.9099    0.9318    0.5745   0.03537   0.05684  0.001265
   276/299     7.66G   0.03047   0.04415 0.0001994   0.07481       593       640    0.9259    0.9106     0.932    0.5745   0.03537   0.05685  0.001265
   277/299     7.66G   0.03055   0.04361  0.000146    0.0743       685       640     0.926    0.9102     0.932    0.5746   0.03537   0.05686  0.001265
   278/299     7.66G   0.03035   0.04429 0.0001757   0.07482       600       640    0.9273     0.909    0.9319    0.5746   0.03537   0.05687  0.001265
   279/299     7.66G   0.03038   0.04341 0.0001811   0.07396       555       640    0.9263    0.9096    0.9318    0.5748   0.03537   0.05688  0.001266
   280/299     7.66G   0.03043   0.04383 0.0001755   0.07444       598       640    0.9261    0.9099    0.9318    0.5748   0.03538   0.05689  0.001265
   281/299     7.66G   0.03043    0.0436 0.0001683   0.07419       871       640    0.9259      0.91    0.9317    0.5749   0.03538   0.05691  0.001267
   282/299     7.66G   0.03063   0.04493 0.0001536   0.07572       644       640     0.926    0.9101    0.9318     0.575   0.03538   0.05692  0.001268
   283/299     7.66G   0.03052   0.04499  0.000185    0.0757       781       640    0.9252    0.9106    0.9317    0.5749   0.03538   0.05693  0.001267
   284/299     7.66G   0.03055   0.04371 0.0001747   0.07443       644       640     0.926    0.9098    0.9317    0.5751   0.03538   0.05694  0.001266
   285/299     7.66G   0.03042   0.04378 0.0001646   0.07436       527       640    0.9257    0.9099    0.9316    0.5748   0.03538   0.05695  0.001265
   286/299     7.66G   0.03027   0.04378 0.0001538    0.0742       563       640    0.9258    0.9097    0.9316    0.5749   0.03539   0.05696  0.001265
   287/299     7.66G   0.03047    0.0444 0.0001544   0.07502       833       640    0.9292    0.9063    0.9315    0.5747   0.03539   0.05697  0.001267
   288/299     7.66G   0.03024   0.04359 0.0001833   0.07401       885       640    0.9286    0.9066    0.9315    0.5746   0.03539   0.05698  0.001268
   289/299     7.66G   0.03025   0.04441 0.0001632   0.07482       644       640    0.9284    0.9067    0.9314    0.5743   0.03539     0.057  0.001269
   290/299     7.66G   0.03065   0.04453 0.0001507   0.07533       544       640    0.9283    0.9069    0.9315    0.5746   0.03539     0.057   0.00127
   291/299     7.66G   0.03002   0.04208 0.0001819   0.07228       363       640    0.9253    0.9092    0.9314    0.5745   0.03539   0.05701   0.00127
   292/299     7.66G   0.03023   0.04315 0.0001756   0.07355       609       640    0.9253    0.9093    0.9314    0.5743    0.0354   0.05703  0.001271
   293/299     7.66G   0.03013   0.04281 0.0001623    0.0731       735       640     0.925    0.9093    0.9313    0.5743    0.0354   0.05704  0.001268
   294/299     7.66G    0.0303   0.04355 0.0001557   0.07401       356       640    0.9208    0.9135    0.9313    0.5744    0.0354   0.05705  0.001266
   295/299     7.66G   0.03022   0.04348 0.0001692   0.07387       459       640    0.9251    0.9092    0.9312    0.5744    0.0354   0.05706  0.001265
   296/299     7.66G   0.03026   0.04381 0.0001615   0.07423       682       640     0.925    0.9094    0.9311    0.5745    0.0354   0.05707  0.001264
   297/299     7.66G   0.03021   0.04355 0.0001683   0.07393       811       640    0.9251    0.9093    0.9311    0.5745    0.0354   0.05707  0.001264
   298/299     7.66G   0.03023   0.04375 0.0001789   0.07416       689       640    0.9249    0.9094     0.931    0.5744    0.0354   0.05708  0.001262
   299/299     7.66G   0.03036   0.04394 0.0001766   0.07448       680       640    0.9246    0.9096     0.931    0.5744    0.0354    0.0571  0.001264
