     0/299     7.17G   0.08141   0.04451   0.02701    0.1529        61       640    0.2849    0.4765    0.2541   0.07108    0.0395   0.02434   0.01761
     1/299     7.18G     0.052   0.03477   0.01874    0.1055        84       640    0.6402    0.6948    0.6903    0.3075   0.03114   0.01744  0.008737
     2/299     7.18G   0.04651    0.0299   0.01189    0.0883        71       640     0.618    0.7434    0.6748    0.3271   0.03038   0.01496  0.005035
     3/299     7.18G   0.04432   0.02772  0.009724   0.08176        74       640    0.7515    0.7798    0.8109    0.4371   0.02865   0.01489  0.004232
     4/299     7.18G   0.04201   0.02644   0.00825    0.0767        67       640    0.8914     0.864    0.9335    0.5406   0.02605   0.01343  0.003137
     5/299     7.18G   0.03884    0.0257  0.007204   0.07175        74       640    0.8718    0.8751    0.9169    0.5309   0.02562   0.01291  0.002583
     6/299     7.18G   0.03786   0.02536  0.007398   0.07062        88       640    0.8342     0.881    0.9075    0.5297   0.02574   0.01345  0.003446
     7/299     7.18G   0.03634   0.02498  0.007614   0.06893        81       640    0.8625    0.8795    0.9286    0.5406   0.02464    0.0135   0.00276
     8/299     7.18G   0.03558   0.02471  0.007526   0.06782        62       640    0.8808    0.8698    0.9319    0.5783   0.02427   0.01357  0.002863
     9/299     7.18G   0.03518   0.02461  0.007497   0.06729        58       640    0.8796    0.8834    0.9353    0.5567   0.02243   0.01346  0.003033
    10/299     7.18G   0.03432   0.02442  0.007284   0.06602        69       640    0.7698    0.7826    0.8216    0.4368   0.02643   0.01698  0.005434
    11/299     7.18G   0.03365   0.02458  0.007206   0.06543        80       640    0.8063    0.8239    0.8916    0.5432   0.02312    0.0145  0.005089
    12/299     7.18G   0.03366   0.02476  0.007622   0.06605        67       640    0.7709    0.7407     0.812     0.415   0.02694   0.01626  0.004037
    13/299     7.18G   0.03631   0.02504  0.007395   0.06874        71       640    0.8991    0.8634    0.9411      0.55   0.02555   0.01406  0.003086
    14/299     7.18G     0.037   0.02502  0.007393   0.06942        73       640    0.8383     0.802    0.8851    0.4938   0.02555   0.01614  0.004082
    15/299     7.18G   0.03606   0.02537  0.007566     0.069        89       640    0.7137    0.7126    0.7474    0.3859   0.02723     0.018  0.006874
    16/299     7.18G   0.03561   0.02627  0.008613   0.07049        60       640    0.7181    0.7447    0.7918    0.4205   0.02711   0.01782  0.005381
    17/299     7.18G   0.03568   0.02715   0.00847   0.07131        74       640    0.8272     0.785    0.8536    0.4661   0.02702    0.0154  0.003977
    18/299     7.18G   0.03453   0.02561  0.007387   0.06753        66       640    0.8519    0.7716    0.8739    0.4912   0.02482   0.01519  0.004238
    19/299     7.18G   0.03308   0.02567  0.007596   0.06635        84       640    0.8458    0.8925    0.9268    0.5486   0.02296   0.01445   0.00282
    20/299     7.18G   0.03327   0.02476  0.006926   0.06495        79       640    0.8479    0.8479    0.9011     0.545   0.02376   0.01428  0.003933
    21/299     7.18G   0.03252   0.02521  0.006655   0.06438        71       640     0.845    0.8478      0.92     0.561   0.02185    0.0139  0.003916
    22/299     7.18G   0.03173   0.02469   0.00692   0.06334        73       640    0.8544    0.8563    0.9002    0.5179   0.02362   0.01482  0.003487
    23/299     7.18G   0.03185   0.02432  0.006553   0.06272        84       640    0.8585    0.8913    0.9228    0.5694   0.02195   0.01424  0.002475
    24/299     7.18G   0.03143   0.02394  0.006786   0.06216        56       640    0.8992    0.8736    0.9394    0.5742   0.02123   0.01368  0.003737
    25/299     7.18G     0.031   0.02399  0.007018   0.06201        57       640      0.88    0.9143    0.9415     0.589   0.02116   0.01367  0.002216
    26/299     7.18G   0.03027   0.02388  0.005932   0.06008        66       640    0.8995    0.8839    0.9352    0.5845   0.02121   0.01363  0.002726
    27/299     7.18G   0.03033   0.02333  0.005909   0.05956        62       640    0.8941     0.882    0.9397    0.5927   0.02101   0.01332    0.0021
    28/299     7.18G   0.02992   0.02355  0.006133    0.0596        77       640    0.9117    0.8992    0.9508    0.6218   0.02007   0.01316  0.002027
    29/299     7.18G   0.02889   0.02337  0.005674   0.05794        92       640    0.9097    0.9214    0.9568    0.6211   0.01993   0.01311  0.002238
    30/299     7.18G   0.02905   0.02278  0.006019   0.05785        73       640     0.914    0.9092    0.9576    0.6269   0.01998   0.01295  0.002077
    31/299     7.18G   0.02876   0.02298  0.005691   0.05743        76       640    0.9172    0.9277    0.9651    0.6409      0.02   0.01256  0.002013
    32/299     7.18G   0.02858   0.02261  0.004853   0.05604        55       640    0.9312     0.926     0.962    0.6405   0.01984   0.01222  0.001906
    33/299     7.18G   0.02831   0.02272  0.005449   0.05648        63       640    0.9041    0.9203     0.954    0.6115   0.02138   0.01246  0.002092
    34/299     7.18G   0.02809   0.02269  0.005467   0.05625        68       640    0.9053    0.8799    0.9506    0.6278   0.01999   0.01311  0.002672
    35/299     7.18G   0.02839   0.02228  0.005223    0.0559        70       640    0.9125    0.9108    0.9518    0.6188   0.01986   0.01261  0.002133
    36/299     7.18G   0.02825   0.02272  0.005468   0.05645        54       640    0.9229    0.8848    0.9506     0.608   0.02015   0.01318  0.002048
    37/299     7.18G   0.02828   0.02245  0.005801   0.05653        74       640    0.9016    0.9049    0.9472    0.6218   0.01986   0.01292  0.003087
    38/299     7.18G   0.02756   0.02225  0.005142   0.05495        78       640    0.9355    0.9209    0.9654    0.6553    0.0191   0.01216  0.001804
    39/299     7.18G   0.02743   0.02245  0.005347   0.05522        81       640    0.8731    0.8956    0.9292     0.604   0.02043   0.01284   0.00192
    40/299     7.18G   0.02739   0.02171  0.005007   0.05411        68       640    0.9246    0.9143    0.9571    0.6353   0.01846    0.0124   0.00165
    41/299     7.18G   0.02678   0.02146  0.005302   0.05354        83       640    0.9499    0.9249    0.9687    0.6595   0.01871    0.0121  0.001682
    42/299     7.18G   0.02759   0.02174  0.004864   0.05419        82       640    0.9161     0.936    0.9612    0.6564   0.01918   0.01191  0.001708
    43/299     7.18G   0.02777   0.02185   0.00515   0.05477        94       640    0.9173    0.9174    0.9549    0.6512   0.01956   0.01221  0.001921
    44/299     7.18G   0.02705   0.02117  0.005459   0.05368        80       640    0.9233     0.931    0.9667    0.6582   0.01874   0.01187  0.001568
    45/299     7.18G   0.02684   0.02168   0.00512   0.05364        58       640    0.9239    0.9247     0.962     0.654   0.01939    0.0122  0.001621
    46/299     7.18G   0.02643   0.02118  0.004531   0.05214        61       640    0.9159    0.9275    0.9594    0.6508   0.01896   0.01228   0.00197
    47/299     7.18G   0.02661   0.02142  0.004741   0.05277        85       640    0.9419    0.9449    0.9722    0.6687   0.01972   0.01186  0.001675
    48/299     7.18G   0.02694   0.02096  0.004541   0.05244        78       640    0.9495    0.9227    0.9705    0.6639   0.01861   0.01174  0.001397
    49/299     7.18G   0.02627   0.02106  0.004785   0.05211        65       640    0.9489    0.9264    0.9701    0.6768   0.01849   0.01196  0.001616
    50/299     7.18G    0.0262   0.02139  0.004881   0.05247        69       640    0.9227    0.9206    0.9633    0.6573   0.01842   0.01213  0.001604
    51/299     7.18G   0.02651   0.02093  0.004737   0.05217        66       640    0.9266    0.9301    0.9616    0.6663   0.01855   0.01203  0.001578
    52/299     7.18G   0.02583   0.02076  0.004316   0.05091        73       640    0.9195    0.9331    0.9635    0.6488   0.01866   0.01208  0.001556
    53/299     7.18G   0.02599   0.02094  0.004938   0.05187        80       640    0.8916    0.9042    0.9419    0.6153   0.01932   0.01318  0.001871
    54/299     7.18G   0.02544   0.02064  0.004651   0.05073        52       640    0.9466    0.9149    0.9654    0.6574   0.01924   0.01232   0.00177
    55/299     7.18G   0.02585   0.02091  0.004586   0.05134        63       640    0.9335    0.9425    0.9666    0.6642   0.01819   0.01177  0.001426
    56/299     7.18G   0.02595   0.02091  0.004521   0.05138        72       640    0.9431    0.9435    0.9738     0.688   0.01782    0.0113  0.001264
    57/299     7.18G   0.02591   0.02076  0.004376   0.05105        63       640    0.9378     0.948    0.9727    0.6758   0.01777   0.01159  0.001505
    58/299     7.18G   0.02591   0.02149  0.004896    0.0523        59       640    0.9205     0.903     0.953    0.6434   0.01837   0.01243  0.001637
    59/299     7.18G   0.02569   0.02111  0.005021   0.05183        75       640    0.9371    0.9211    0.9619    0.6597   0.01884   0.01228  0.001556
    60/299     7.18G   0.02638   0.02077  0.005191   0.05234        96       640    0.9302    0.9384    0.9647    0.6629   0.01815   0.01176  0.001708
    61/299     7.18G   0.02565   0.02067  0.004399   0.05073        79       640    0.9527    0.9393    0.9761    0.6899   0.01793    0.0114  0.001356
    62/299     7.18G   0.02479   0.02073  0.004694   0.05021        68       640    0.9264    0.9367     0.966    0.6683   0.01837    0.0118  0.001567
    63/299     7.18G   0.02478   0.02055  0.004176   0.04951        75       640    0.9229    0.9441     0.967    0.6812   0.01822   0.01169  0.001485
    64/299     7.18G   0.02501   0.02006  0.004039   0.04911        63       640    0.9285    0.9404    0.9693    0.6897   0.01736   0.01121  0.001335
    65/299     7.18G   0.02485   0.02032  0.004192   0.04936        77       640    0.9353    0.9592    0.9768     0.696   0.01796   0.01116  0.001218
    66/299     7.18G   0.02441   0.02001  0.004075    0.0485        89       640    0.9167    0.9553    0.9699    0.6912   0.01761   0.01129    0.0013
    67/299     7.18G   0.02461   0.01972  0.004254   0.04858        70       640    0.9403    0.9421     0.974    0.6922   0.01738   0.01127  0.001384
    68/299     7.18G   0.02442   0.01991  0.004281   0.04861        68       640     0.948    0.9317    0.9747    0.6986    0.0169   0.01111  0.001222
    69/299     7.18G    0.0241   0.01989  0.004132   0.04812        85       640    0.9476    0.9512    0.9762     0.697   0.01767   0.01129  0.001317
    70/299     7.18G   0.02376    0.0199  0.004108   0.04777        70       640    0.9441    0.9313    0.9696    0.6887   0.01761   0.01168  0.001407
    71/299     7.18G   0.02412   0.01956  0.004019    0.0477        82       640     0.942    0.9469    0.9735    0.6903   0.01819    0.0113  0.001371
    72/299     7.18G   0.02397   0.01965  0.004076    0.0477        70       640    0.9487    0.9438    0.9763    0.7006   0.01777   0.01107   0.00125
    73/299     7.18G   0.02408   0.01972  0.004075   0.04788        69       640    0.9437    0.9403    0.9744    0.6809   0.01772   0.01155  0.001278
    74/299     7.18G    0.0242   0.01966  0.004171   0.04803        72       640    0.9096    0.8991     0.939    0.5944   0.02023   0.01364  0.002534
    75/299     7.18G   0.02512   0.02138  0.004849   0.05135        72       640     0.934    0.9329     0.964    0.6516   0.02047   0.01227  0.001655
    76/299     7.18G   0.02483   0.02056  0.004587   0.04998        91       640    0.9351    0.9316    0.9691    0.6737   0.01772   0.01175  0.001678
    77/299     7.18G   0.02495   0.02089  0.004376   0.05022        72       640    0.9441    0.9404    0.9733    0.6878   0.01862   0.01126   0.00159
    78/299     7.18G   0.02469   0.02044  0.004903   0.05003        54       640     0.941    0.9332    0.9684    0.6789   0.01854   0.01175  0.001583
    79/299     7.18G   0.02448   0.01999   0.00391   0.04837        67       640    0.9427    0.9375    0.9704    0.6901    0.0175   0.01145  0.001364
    80/299     7.18G   0.02476    0.0198  0.004386   0.04894        68       640    0.9562    0.9394    0.9748    0.6925   0.01741   0.01126  0.001304
    81/299     7.18G   0.02387   0.01981  0.003958   0.04764        66       640    0.9376    0.9457    0.9759    0.6881   0.01746   0.01151   0.00133
    82/299     7.18G   0.02372   0.01967  0.004308    0.0477        79       640    0.9529    0.9434    0.9789    0.7027   0.01738   0.01124  0.001227
    83/299     7.18G   0.02358   0.01978  0.004267   0.04762        84       640    0.9383    0.9474    0.9759    0.6937   0.01718   0.01123  0.001254
    84/299     7.18G   0.02404   0.01915  0.003732   0.04692        73       640    0.9582    0.9432    0.9787    0.7098   0.01698   0.01105  0.001079
    85/299     7.18G   0.02319   0.01905  0.003508   0.04575        85       640    0.9544    0.9442    0.9775    0.7054   0.01749   0.01115  0.001107
    86/299     7.18G   0.02347   0.01971  0.004062   0.04724        88       640    0.9376    0.9593    0.9793    0.7046   0.01716   0.01138  0.001371
    87/299     7.18G   0.02328   0.01877  0.003888   0.04594        67       640    0.9511    0.9438    0.9764    0.7041   0.01702   0.01119  0.001183
    88/299     7.18G   0.02287   0.01897  0.003833   0.04568        63       640    0.9584    0.9501    0.9771    0.7088   0.01727   0.01115  0.001244
    89/299     7.18G   0.02313   0.01902  0.003661   0.04581        75       640    0.9349    0.9498    0.9775    0.7001   0.01651   0.01118  0.001293
    90/299     7.18G   0.02297   0.01869  0.003578   0.04524        76       640    0.9585    0.9541    0.9805    0.7119   0.01654   0.01089  0.001153
    91/299     7.18G   0.02319   0.01914  0.004254   0.04658        60       640     0.946     0.944    0.9717    0.6993   0.01725   0.01125  0.001274
    92/299     7.18G   0.02314   0.01908  0.003899   0.04612        96       640    0.9487    0.9375    0.9732    0.7048   0.01669   0.01121  0.001292
    93/299     7.18G   0.02288   0.01884  0.003898   0.04561        76       640    0.9429    0.9455    0.9698    0.6919   0.01729    0.0115  0.001321
    94/299     7.18G   0.02287     0.019  0.003952   0.04582        77       640    0.9401    0.9391    0.9683    0.6938   0.01742   0.01141  0.001187
    95/299     7.18G   0.02269   0.01919  0.004018   0.04589        50       640    0.9472    0.9474    0.9732    0.6958   0.01736   0.01126   0.00125
    96/299     7.18G   0.02299   0.01898  0.003728    0.0457        70       640    0.9416    0.9478    0.9752    0.7065   0.01676   0.01119  0.001211
    97/299     7.18G   0.02243   0.01838  0.003434   0.04425        71       640     0.951    0.9356    0.9717    0.7011   0.01749   0.01129  0.001281
    98/299     7.18G   0.02248   0.01815  0.003636   0.04427        76       640    0.9448    0.9437    0.9762     0.706   0.01768   0.01136  0.001576
    99/299     7.18G   0.02248   0.01829   0.00353    0.0443        76       640    0.9492    0.9447    0.9739    0.7143   0.01631   0.01091  0.001262
   100/299     7.18G    0.0226   0.01831  0.003219   0.04414        83       640    0.9515    0.9453    0.9762     0.709   0.01641   0.01121   0.00114
   101/299     7.18G   0.02249   0.01832  0.003362   0.04418        75       640    0.9545    0.9465    0.9776    0.7076   0.01603   0.01127   0.00118
   102/299     7.18G   0.02229    0.0185  0.003465   0.04425        90       640    0.9683    0.9452    0.9775    0.7184   0.01623   0.01122  0.001096
   103/299     7.18G   0.02176   0.01823  0.003808    0.0438        84       640    0.9571    0.9507    0.9783    0.7158    0.0164   0.01111  0.001117
   104/299     7.18G   0.02189   0.01824  0.003733   0.04386        77       640    0.9487    0.9541    0.9798    0.7146   0.01664   0.01103  0.001173
   105/299     7.18G   0.02226    0.0187  0.003544    0.0445        56       640    0.9513    0.9465    0.9777    0.7107   0.01653   0.01117  0.001286
   106/299     7.18G   0.02194   0.01818   0.00334   0.04346        56       640    0.9446    0.9511    0.9759     0.708   0.01647   0.01128  0.001369
   107/299     7.18G   0.02171   0.01807  0.003672   0.04345        73       640     0.955    0.9476    0.9747    0.7158   0.01652   0.01118  0.001165
   108/299     7.18G   0.02206   0.01816  0.003641   0.04386        74       640    0.9614    0.9506    0.9795    0.7176   0.01617   0.01099  0.001049
   109/299     7.18G   0.02193   0.01808  0.003573   0.04359        91       640    0.9529     0.944    0.9738    0.7097   0.01652   0.01125  0.001128
   110/299     7.18G   0.02204   0.01787  0.003747   0.04365        85       640    0.9567    0.9422    0.9765    0.7158   0.01642   0.01111  0.001079
   111/299     7.18G   0.02172   0.01771  0.003635   0.04306        84       640     0.947    0.9593    0.9769     0.717   0.01647   0.01107  0.001183
   112/299     7.18G    0.0217   0.01755  0.003599   0.04285        56       640    0.9624    0.9438    0.9803     0.719   0.01665   0.01085  0.001184
   113/299     7.18G   0.02143   0.01746  0.003328   0.04221        67       640    0.9556     0.946    0.9786     0.716   0.01665   0.01105  0.001211
   114/299     7.18G    0.0221   0.01794  0.003246   0.04329        84       640    0.9627    0.9533    0.9809    0.7211   0.01716   0.01097  0.001029
   115/299     7.18G   0.02169   0.01772    0.0032   0.04261        79       640    0.9677    0.9359    0.9792    0.7216   0.01722   0.01114  0.001127
   116/299     7.18G   0.02164   0.01753  0.003288   0.04246        78       640    0.9545    0.9516    0.9788    0.7226   0.01657   0.01086  0.001096
   117/299     7.18G   0.02129   0.01753  0.003264   0.04208        82       640      0.95    0.9552    0.9776    0.7145   0.01595   0.01115  0.001116
   118/299     7.18G   0.02151   0.01809  0.003505    0.0431        93       640    0.9506     0.954    0.9785     0.712   0.01592   0.01132  0.001201
   119/299     7.18G   0.02143   0.01774  0.003372   0.04254        68       640     0.956     0.949    0.9794    0.7213   0.01597   0.01108   0.00124
   120/299     7.18G    0.0212   0.01769  0.003473   0.04237        74       640     0.959    0.9355    0.9776    0.7231   0.01627   0.01103  0.001229
   121/299     7.18G   0.02123   0.01775  0.002971   0.04195        81       640    0.9641    0.9531     0.979    0.7205   0.01647   0.01099  0.001129
   122/299     7.18G    0.0211    0.0172  0.002963   0.04127        57       640    0.9571    0.9587    0.9799    0.7259   0.01657   0.01094  0.001066
   123/299     7.18G   0.02128   0.01724  0.002975    0.0415        68       640    0.9615    0.9504    0.9785    0.7304   0.01609   0.01105  0.001064
   124/299     7.18G   0.02094   0.01744  0.003469   0.04184        78       640    0.9593    0.9546    0.9771     0.716   0.01676   0.01101  0.001039
   125/299     7.18G   0.02107   0.01755  0.003474    0.0421        86       640    0.9538    0.9573    0.9772    0.7225   0.01575   0.01104  0.001142
   126/299     7.18G   0.02079   0.01717  0.002976   0.04094        76       640    0.9579    0.9494    0.9797    0.7233   0.01745   0.01107  0.001025
   127/299     7.18G   0.02052   0.01718  0.003171   0.04087        65       640    0.9556    0.9475     0.977    0.7242   0.01633   0.01133  0.001163
   128/299     7.18G   0.02079   0.01695  0.003235   0.04098        70       640    0.9563    0.9577    0.9771    0.7247   0.01588   0.01098  0.001086
   129/299     7.18G   0.02127   0.01728  0.003031   0.04158        70       640    0.9595    0.9571    0.9788    0.7184   0.01608   0.01086  0.001115
   130/299     7.18G   0.02101   0.01743  0.003203   0.04165        76       640    0.9529    0.9456    0.9766    0.7248   0.01589   0.01113  0.001065
   131/299     7.18G   0.02092   0.01753  0.003424   0.04187        78       640    0.9522    0.9494     0.978    0.7212   0.01661   0.01096  0.001177
   132/299     7.18G    0.0209   0.01733  0.003022   0.04125        84       640    0.9551    0.9483    0.9781    0.7199    0.0164   0.01127  0.001139
   133/299     7.18G   0.02077   0.01747   0.00302   0.04127        76       640     0.958    0.9516    0.9768    0.7131   0.01731   0.01141  0.001271
   134/299     7.18G   0.02072   0.01709  0.002819   0.04063        66       640    0.9569    0.9516    0.9789    0.7294     0.016   0.01097  0.001114
   135/299     7.18G   0.02046    0.0169  0.002982   0.04035        82       640     0.951    0.9541    0.9795    0.7257   0.01592   0.01117  0.001159
   136/299     7.18G   0.02042   0.01691  0.003725   0.04106        70       640    0.9612     0.946    0.9795    0.7276   0.01609    0.0111    0.0012
   137/299     7.18G   0.02114   0.01755  0.003807    0.0425        75       640    0.9562    0.9525    0.9794    0.7281   0.01582   0.01121  0.001156
   138/299     7.18G   0.02064   0.01722  0.003048    0.0409        70       640    0.9641    0.9556    0.9811    0.7271   0.01645   0.01117  0.001241
   139/299     7.18G   0.02071   0.01676  0.003228   0.04069        85       640     0.971    0.9533    0.9811    0.7308    0.0157   0.01109   0.00113
   140/299     7.18G   0.02056   0.01732  0.003177   0.04105        69       640    0.9563    0.9596     0.979    0.7252   0.01603   0.01117  0.001124
   141/299     7.18G   0.02033   0.01679  0.003134   0.04025        82       640    0.9647    0.9549    0.9799    0.7321   0.01557   0.01086  0.001089
   142/299     7.18G   0.02007   0.01676  0.003011   0.03985        79       640    0.9628    0.9592    0.9797    0.7287   0.01544   0.01097   0.00114
   143/299     7.18G   0.02046   0.01661   0.00316   0.04023        80       640     0.959    0.9519    0.9802    0.7306   0.01585   0.01106   0.00117
   144/299     7.18G   0.01993   0.01643  0.002991   0.03935        72       640    0.9642      0.95    0.9801    0.7298   0.01572   0.01106  0.001138
   145/299     7.18G   0.01983   0.01641  0.003118   0.03936        71       640    0.9629    0.9583    0.9836    0.7308   0.01601   0.01115  0.001054
   146/299     7.18G   0.02025   0.01676  0.003005   0.04002        97       640     0.963     0.955    0.9826    0.7304   0.01598   0.01108  0.001093
   147/299     7.18G   0.01956   0.01659  0.002788   0.03894        71       640    0.9675    0.9527    0.9809    0.7356   0.01564   0.01094  0.001024
   148/299     7.18G    0.0197   0.01668  0.002969   0.03935        81       640    0.9647     0.954    0.9801    0.7275   0.01602   0.01117  0.001078
   149/299     7.18G   0.01973   0.01613    0.0032   0.03906        80       640    0.9602    0.9586    0.9812     0.728   0.01627   0.01126  0.001134
   150/299     7.18G   0.02022   0.01633  0.002742   0.03929        67       640    0.9654    0.9577    0.9817    0.7325   0.01628   0.01105  0.001068
   151/299     7.18G   0.01985   0.01638  0.002694   0.03892        65       640    0.9665    0.9542    0.9796    0.7284   0.01575   0.01106  0.001141
   152/299     7.18G   0.01981    0.0165  0.002874   0.03919        87       640    0.9674    0.9434    0.9782    0.7303    0.0163   0.01098  0.001115
   153/299     7.18G   0.02015   0.01651  0.003102   0.03976        73       640     0.967    0.9558    0.9801    0.7394   0.01596   0.01092   0.00115
   154/299     7.18G    0.0196   0.01639  0.003106    0.0391        75       640    0.9639    0.9591    0.9783    0.7323   0.01576   0.01092  0.001152
   155/299     7.18G   0.01979   0.01626  0.003253   0.03931        66       640    0.9651    0.9494    0.9797    0.7377   0.01592   0.01102  0.001042
   156/299     7.18G   0.01953   0.01628  0.002901   0.03871        76       640    0.9555    0.9549     0.977    0.7309   0.01607   0.01103  0.001037
   157/299     7.18G   0.01957   0.01672  0.003043   0.03933        81       640    0.9594    0.9548    0.9796    0.7286   0.01655   0.01126   0.00108
   158/299     7.18G    0.0197   0.01639  0.002858   0.03894        73       640    0.9684    0.9491    0.9783    0.7291   0.01583   0.01134  0.001102
   159/299     7.18G   0.01963   0.01616  0.002736   0.03853        72       640    0.9636    0.9526    0.9795    0.7328   0.01595   0.01107  0.001082
   160/299     7.18G   0.01926    0.0163  0.002854   0.03842        85       640    0.9705    0.9472    0.9807     0.734   0.01625     0.011  0.001116
   161/299     7.18G   0.01936   0.01637   0.00304   0.03877        73       640    0.9609    0.9558    0.9809    0.7331    0.0167    0.0109  0.001133
   162/299     7.18G   0.01913   0.01595  0.002606   0.03768        96       640    0.9664    0.9498    0.9806    0.7397   0.01598   0.01094  0.001115
   163/299     7.18G   0.01877   0.01587  0.002522   0.03715        71       640     0.964     0.956    0.9791    0.7348   0.01552   0.01107  0.001196
   164/299     7.18G   0.01902   0.01595  0.002869   0.03784        70       640    0.9664     0.952    0.9791     0.732    0.0167   0.01114  0.001025
   165/299     7.18G   0.01924   0.01622  0.003199   0.03866        86       640    0.9641    0.9527    0.9815    0.7333   0.01565   0.01096  0.001171
   166/299     7.18G   0.01893   0.01602  0.002899   0.03784        61       640    0.9612    0.9543    0.9808    0.7374   0.01543   0.01109  0.001154
   167/299     7.18G   0.01927   0.01574  0.002668   0.03767        62       640    0.9682    0.9506    0.9793    0.7401   0.01558   0.01113  0.001007
   168/299     7.18G   0.01867   0.01594  0.003081    0.0377        70       640    0.9676    0.9515    0.9798     0.736   0.01562   0.01114  0.001045
   169/299     7.18G   0.01907   0.01565  0.002869   0.03759        68       640    0.9636    0.9559    0.9809    0.7374   0.01547   0.01112   0.00101
   170/299     7.18G   0.01924   0.01594  0.003145   0.03833        77       640    0.9632     0.955    0.9812      0.74   0.01561   0.01101  0.001089
   171/299     7.18G   0.01906   0.01584  0.002919   0.03782        74       640    0.9695    0.9498    0.9812    0.7398   0.01561   0.01084  0.001138
   172/299     7.18G   0.01858   0.01545   0.00265   0.03668        95       640    0.9681    0.9511    0.9829    0.7394   0.01546   0.01103  0.001066
   173/299     7.18G   0.01853   0.01556  0.002749   0.03683        71       640    0.9709    0.9528    0.9837    0.7376   0.01547   0.01105  0.001042
   174/299     7.18G   0.01838   0.01544  0.002494   0.03631        76       640    0.9675    0.9639    0.9836    0.7387    0.0159   0.01092   0.00106
   175/299     7.18G   0.01861   0.01575  0.002893   0.03726        83       640    0.9668    0.9582    0.9811    0.7356   0.01567   0.01099  0.001081
   176/299     7.18G   0.01872    0.0157     0.003   0.03742        85       640    0.9631    0.9571    0.9807    0.7367   0.01558   0.01095  0.001053
   177/299     7.18G   0.01872   0.01557  0.002703   0.03699        64       640    0.9689    0.9451    0.9786    0.7407   0.01582   0.01102  0.001137
   178/299     7.18G   0.01862   0.01535  0.002562   0.03652        59       640    0.9654    0.9548     0.981    0.7388   0.01605   0.01112   0.00107
   179/299     7.18G   0.01846   0.01555  0.002251   0.03626        70       640    0.9647    0.9578    0.9828     0.735   0.01623   0.01094   0.00103
   180/299     7.18G   0.01841   0.01519  0.002874   0.03648        69       640    0.9664    0.9575    0.9826    0.7404   0.01604     0.011  0.001149
   181/299     7.18G   0.01829   0.01545  0.002296   0.03604        81       640    0.9695     0.951    0.9808    0.7387   0.01578   0.01112  0.001145
   182/299     7.18G   0.01858   0.01556  0.002453   0.03659        64       640    0.9689    0.9553    0.9818    0.7377   0.01614   0.01095  0.001069
   183/299     7.18G   0.01819   0.01552  0.002597   0.03631        84       640    0.9685    0.9558    0.9833    0.7373   0.01637   0.01104  0.001055
   184/299     7.18G   0.01853    0.0156  0.002842   0.03697        76       640     0.972     0.957    0.9836    0.7393   0.01615   0.01082     0.001
   185/299     7.18G   0.01825   0.01532  0.002777   0.03635        65       640    0.9683    0.9524    0.9814      0.74   0.01606   0.01124 0.0009967
   186/299     7.18G   0.01816   0.01517  0.002296   0.03563        60       640    0.9679    0.9594    0.9816    0.7413   0.01603   0.01114  0.001057
   187/299     7.18G   0.01837   0.01509  0.002665   0.03613        64       640     0.972    0.9572    0.9817     0.741   0.01584    0.0113   0.00104
   188/299     7.18G     0.018   0.01527  0.002564   0.03584        91       640    0.9693    0.9593    0.9805     0.742   0.01629   0.01126  0.001046
   189/299     7.18G   0.01797   0.01499  0.002503   0.03546        74       640    0.9684    0.9606    0.9826    0.7426   0.01676   0.01102  0.001127
   190/299     7.18G     0.018   0.01493  0.002727   0.03565        65       640    0.9706    0.9587    0.9812    0.7439   0.01639   0.01119  0.001155
   191/299     7.18G   0.01815   0.01479  0.002752   0.03569        56       640    0.9695    0.9563    0.9798    0.7403   0.01637   0.01124  0.001112
   192/299     7.18G   0.01777    0.0151    0.0027   0.03558        70       640    0.9653    0.9538    0.9815    0.7406   0.01642   0.01142  0.001068
   193/299     7.18G   0.01821   0.01491  0.002833   0.03595        78       640    0.9641    0.9548    0.9801    0.7401   0.01621   0.01138  0.001122
   194/299     7.18G    0.0178   0.01507  0.002315   0.03518        65       640    0.9704    0.9521      0.98    0.7398   0.01649   0.01121  0.001173
   195/299     7.18G   0.01787   0.01521    0.0028   0.03588        74       640    0.9676    0.9535    0.9814    0.7439   0.01657   0.01122  0.001092
   196/299     7.18G   0.01764   0.01471  0.002619   0.03498        64       640    0.9702      0.95    0.9809    0.7413   0.01646   0.01128  0.001096
   197/299     7.18G   0.01781   0.01473  0.002606   0.03515        63       640    0.9647    0.9553    0.9829    0.7449   0.01657   0.01124 0.0009868
   198/299     7.18G   0.01772   0.01513  0.002564   0.03541        66       640    0.9644    0.9539    0.9821    0.7452   0.01686   0.01129  0.001062
   199/299     7.18G   0.01763   0.01484   0.00259   0.03506        81       640    0.9699    0.9546    0.9803    0.7446   0.01681   0.01145  0.001125
   200/299     7.18G   0.01777   0.01498  0.002521   0.03527        79       640    0.9699    0.9616    0.9834    0.7427   0.01693   0.01132  0.001067
   201/299     7.18G   0.01806   0.01509  0.002639   0.03579        72       640    0.9717    0.9537    0.9834    0.7439   0.01669   0.01127  0.001095
   202/299     7.18G   0.01773   0.01479  0.002673   0.03519        76       640    0.9684    0.9537    0.9831    0.7454   0.01666   0.01117 0.0009949
   203/299     7.18G   0.01763   0.01485  0.002414    0.0349        65       640    0.9642    0.9534    0.9817    0.7447   0.01646   0.01124  0.001075
   204/299     7.18G    0.0173    0.0148  0.002707   0.03481        63       640    0.9666    0.9543    0.9814    0.7451   0.01669   0.01122 0.0009852
   205/299     7.18G   0.01741    0.0146   0.00247   0.03448        67       640    0.9686    0.9537    0.9815    0.7432   0.01642   0.01125 0.0009586
   206/299     7.18G   0.01809   0.01476  0.002978   0.03583        86       640    0.9656    0.9571    0.9811    0.7414   0.01619   0.01126  0.001018
   207/299     7.18G   0.01763   0.01485  0.003151   0.03564        93       640    0.9641    0.9616    0.9815     0.738   0.01639   0.01134  0.001059
   208/299     7.18G   0.01813   0.01501    0.0025   0.03564        73       640    0.9674    0.9578    0.9809    0.7388   0.01622   0.01133   0.00102
   209/299     7.18G   0.01742   0.01466   0.00248   0.03456        50       640    0.9696    0.9594     0.982     0.743   0.01599   0.01119 0.0009933
   210/299     7.18G   0.01732   0.01473  0.002163   0.03421        82       640    0.9667    0.9561    0.9827    0.7443   0.01579   0.01104  0.001039
   211/299     7.18G   0.01749   0.01452  0.002326   0.03433        65       640    0.9655    0.9601     0.982    0.7457   0.01574   0.01106  0.001056
   212/299     7.18G   0.01749   0.01449  0.002568   0.03456        77       640    0.9675    0.9594     0.983    0.7446   0.01638   0.01123  0.001144
   213/299     7.18G   0.01739   0.01475  0.002729   0.03487        81       640    0.9707    0.9605    0.9834    0.7453   0.01632   0.01122   0.00107
   214/299     7.18G   0.01745   0.01451  0.002718   0.03468        64       640    0.9673    0.9591    0.9812    0.7475    0.0162   0.01119  0.001104
   215/299     7.18G   0.01688   0.01464  0.002775    0.0343        79       640    0.9677    0.9538    0.9814    0.7479   0.01575   0.01127   0.00112
   216/299     7.18G   0.01705   0.01438   0.00257     0.034        73       640     0.971    0.9513    0.9812    0.7453   0.01603   0.01138  0.001085
   217/299     7.18G   0.01713   0.01448  0.002431   0.03404        62       640    0.9657    0.9568    0.9824    0.7458   0.01568   0.01127  0.001067
   218/299     7.18G   0.01712   0.01432   0.00234   0.03378        76       640    0.9707    0.9515    0.9826    0.7488   0.01553   0.01125  0.001061
   219/299     7.18G   0.01713   0.01473  0.002653   0.03451        72       640    0.9649    0.9562     0.983    0.7478   0.01589   0.01119   0.00106
   220/299     7.18G   0.01707   0.01444  0.002599    0.0341        72       640    0.9678    0.9539    0.9825    0.7477   0.01623   0.01106  0.001043
   221/299     7.18G    0.0176   0.01433  0.003005   0.03494        61       640    0.9698    0.9546    0.9822    0.7485   0.01624   0.01112  0.001041
   222/299     7.18G   0.01715   0.01454  0.002824   0.03452        87       640    0.9732    0.9507    0.9818    0.7488   0.01599   0.01119  0.001037
   223/299     7.18G   0.01692   0.01449   0.00253   0.03394        66       640    0.9666    0.9567    0.9821    0.7489   0.01595   0.01117  0.001029
   224/299     7.18G   0.01681   0.01441  0.002265   0.03348        64       640    0.9697    0.9537    0.9811    0.7504    0.0158   0.01118  0.001086
   225/299     7.18G   0.01667    0.0139  0.002171   0.03275        74       640    0.9702    0.9577    0.9826    0.7496   0.01581   0.01119  0.001084
   226/299     7.18G   0.01666   0.01415  0.002151   0.03296        68       640    0.9696    0.9582    0.9804    0.7462   0.01578   0.01138  0.001091
   227/299     7.18G   0.01701   0.01426  0.002453   0.03373        67       640    0.9698     0.957    0.9802    0.7476   0.01566   0.01133  0.001064
   228/299     7.18G   0.01663    0.0142   0.00226   0.03309        72       640    0.9693    0.9579    0.9797    0.7464   0.01562   0.01124  0.001093
   229/299     7.18G   0.01653   0.01411  0.002395   0.03303        70       640    0.9712    0.9581    0.9802    0.7459   0.01559   0.01127  0.001005
   230/299     7.18G   0.01676    0.0142  0.002432   0.03339        64       640    0.9728    0.9503    0.9808    0.7478   0.01592   0.01131   0.00101
   231/299     7.18G    0.0164   0.01446  0.002268   0.03313        69       640    0.9719    0.9549    0.9812    0.7462   0.01611   0.01142  0.001042
   232/299     7.18G   0.01696   0.01403  0.002258   0.03324        73       640    0.9725    0.9528     0.981    0.7468   0.01615   0.01149  0.001059
   233/299     7.18G   0.01699   0.01393  0.002216   0.03313        69       640    0.9721    0.9543    0.9813    0.7472   0.01607   0.01146  0.001042
   234/299     7.18G   0.01646    0.0141   0.00239   0.03294        61       640    0.9708    0.9505    0.9792    0.7454   0.01625   0.01152  0.001053
   235/299     7.18G   0.01633   0.01393  0.002607   0.03287        67       640    0.9703    0.9496    0.9806    0.7478   0.01631   0.01154  0.001027
   236/299     7.18G   0.01655   0.01409  0.002247   0.03288        67       640    0.9737    0.9515    0.9816    0.7485    0.0162   0.01148  0.001051
   237/299     7.18G   0.01636   0.01378  0.002335   0.03248        75       640    0.9708    0.9587    0.9818    0.7477   0.01614   0.01141  0.001062
   238/299     7.18G    0.0162   0.01349  0.002287   0.03198        60       640    0.9712    0.9553    0.9802    0.7482    0.0161   0.01143  0.001079
   239/299     7.18G   0.01602   0.01381  0.002428   0.03226        63       640     0.973    0.9524    0.9814    0.7473   0.01606   0.01146  0.001082
   240/299     7.18G   0.01665   0.01393  0.002243   0.03282        70       640    0.9787     0.948    0.9817     0.747   0.01607   0.01134  0.001064
   241/299     7.18G   0.01607   0.01388    0.0023   0.03225        67       640    0.9729    0.9529    0.9828    0.7447   0.01602   0.01139  0.001068
   242/299     7.18G   0.01631   0.01391  0.002106   0.03232        71       640    0.9716    0.9558    0.9808    0.7451   0.01614   0.01144  0.001096
   243/299     7.18G   0.01619   0.01352  0.002353   0.03207        62       640    0.9752    0.9469    0.9806    0.7486   0.01625   0.01144  0.001082
   244/299     7.18G   0.01653   0.01382  0.002468   0.03282        67       640    0.9701    0.9534      0.98    0.7473    0.0161   0.01149  0.001091
   245/299     7.18G   0.01637   0.01379  0.002415   0.03258        63       640    0.9707     0.956    0.9795    0.7453   0.01576   0.01149  0.001063
   246/299     7.18G   0.01602   0.01363  0.002283   0.03193        78       640    0.9698    0.9563    0.9803    0.7468   0.01583   0.01155  0.001039
   247/299     7.18G   0.01593   0.01354  0.002421    0.0319        67       640    0.9701    0.9549      0.98    0.7468   0.01577   0.01152  0.001064
   248/299     7.18G   0.01606   0.01352  0.002589   0.03217        60       640    0.9745    0.9561    0.9818    0.7472   0.01593   0.01146  0.001058
   249/299     7.18G   0.01641   0.01346  0.002212   0.03208        65       640    0.9749    0.9543    0.9819    0.7467   0.01598   0.01142  0.001054
   250/299     7.18G   0.01619   0.01355  0.002291   0.03203        75       640    0.9739    0.9529    0.9811    0.7471   0.01598   0.01148  0.001057
   251/299     7.18G   0.01612   0.01377  0.002379   0.03227        86       640    0.9741      0.95    0.9797    0.7457   0.01582   0.01159   0.00107
   252/299     7.18G   0.01609   0.01375  0.002096   0.03194        52       640    0.9722    0.9512    0.9797    0.7442    0.0157   0.01153  0.001043
   253/299     7.18G   0.01624   0.01356  0.002656   0.03246        84       640    0.9726    0.9567    0.9815    0.7465   0.01585   0.01151  0.001054
   254/299     7.18G   0.01581   0.01346  0.002373   0.03164        72       640    0.9741      0.96     0.984    0.7437   0.01609   0.01158  0.001073
   255/299     7.18G   0.01576   0.01365  0.002184   0.03159        81       640     0.972     0.962    0.9835    0.7437   0.01623    0.0116  0.001078
   256/299     7.18G   0.01618   0.01354  0.002118   0.03184        83       640    0.9702    0.9592    0.9818     0.745   0.01626   0.01163   0.00105
   257/299     7.18G   0.01601    0.0134  0.002414   0.03182        77       640    0.9714    0.9585    0.9833    0.7451   0.01634   0.01162  0.001057
   258/299     7.18G   0.01579   0.01337  0.002306   0.03146        79       640    0.9747    0.9546    0.9816    0.7444   0.01656   0.01171  0.001076
   259/299     7.18G   0.01582   0.01371  0.002249   0.03178        76       640    0.9718    0.9586    0.9814    0.7445   0.01632   0.01166  0.001092
   260/299     7.18G   0.01562   0.01349  0.002396    0.0315        73       640    0.9706    0.9595    0.9814    0.7458   0.01626   0.01167  0.001077
   261/299     7.18G   0.01617   0.01377  0.002353   0.03229        69       640    0.9707     0.961    0.9808    0.7459   0.01608   0.01167  0.001077
   262/299     7.18G   0.01603   0.01361  0.002205   0.03185        80       640    0.9739    0.9566    0.9808    0.7462   0.01606   0.01165  0.001096
   263/299     7.18G   0.01564   0.01352  0.002263   0.03142        80       640    0.9738    0.9537    0.9804    0.7456     0.016   0.01165  0.001107
   264/299     7.18G   0.01565   0.01331  0.002298   0.03125        74       640    0.9767    0.9533    0.9817    0.7453   0.01606    0.0116  0.001085
   265/299     7.18G   0.01554   0.01319  0.002058   0.03078        72       640    0.9712     0.958     0.981    0.7458   0.01626   0.01164  0.001082
   266/299     7.18G   0.01567   0.01334  0.002301   0.03131        75       640    0.9689    0.9618    0.9813    0.7465   0.01633   0.01162  0.001061
   267/299     7.18G   0.01579   0.01357  0.001935   0.03129        60       640    0.9678    0.9597    0.9817    0.7463   0.01632   0.01156  0.001069
   268/299     7.18G   0.01567   0.01317  0.002136   0.03098        75       640     0.968    0.9587    0.9815     0.747   0.01645   0.01158  0.001051
   269/299     7.18G   0.01547   0.01334  0.002051   0.03087        59       640    0.9709    0.9547     0.981     0.748    0.0165   0.01158  0.001064
   270/299     7.18G   0.01582   0.01349  0.002006   0.03132        72       640    0.9709    0.9523    0.9808    0.7488   0.01658   0.01161  0.001095
   271/299     7.18G   0.01577   0.01335  0.002234   0.03136        76       640    0.9711    0.9544    0.9813    0.7477   0.01653   0.01162  0.001122
   272/299     7.18G   0.01562   0.01313  0.002053    0.0308        61       640    0.9692    0.9567    0.9817      0.75   0.01637   0.01165  0.001122
   273/299     7.18G   0.01545   0.01311   0.00235   0.03091        58       640     0.968    0.9601    0.9816    0.7499   0.01619   0.01168  0.001117
   274/299     7.18G   0.01573   0.01321   0.00203   0.03098        92       640    0.9686    0.9597    0.9815    0.7496   0.01597    0.0117  0.001121
   275/299     7.18G   0.01569   0.01317  0.002144   0.03101        68       640    0.9703    0.9571    0.9819    0.7482   0.01579   0.01167  0.001143
   276/299     7.18G   0.01568    0.0131  0.002089   0.03087        76       640    0.9698    0.9568    0.9807    0.7476   0.01572    0.0117  0.001141
   277/299     7.18G   0.01563   0.01307  0.002109   0.03082        72       640    0.9684    0.9562    0.9809    0.7468   0.01565    0.0117  0.001125
   278/299     7.18G   0.01537   0.01294  0.002092    0.0304        79       640     0.969    0.9552     0.981    0.7479   0.01569   0.01171  0.001118
   279/299     7.18G   0.01509   0.01311  0.002144   0.03035        67       640    0.9714    0.9499    0.9807    0.7486   0.01578   0.01172  0.001113
   280/299     7.18G   0.01533   0.01298   0.00202   0.03034        65       640    0.9676    0.9552    0.9799    0.7491   0.01585   0.01171  0.001123
   281/299     7.18G   0.01553    0.0131  0.002308   0.03094        73       640    0.9682    0.9528    0.9791    0.7471   0.01597   0.01188  0.001126
   282/299     7.18G   0.01563   0.01289  0.002084    0.0306        71       640    0.9699    0.9539    0.9797    0.7476   0.01601   0.01186  0.001136
   283/299     7.18G   0.01518     0.013  0.002208   0.03039        76       640    0.9752    0.9514      0.98    0.7486   0.01606   0.01184  0.001139
   284/299     7.18G   0.01575   0.01314  0.002161   0.03105        68       640    0.9691    0.9559    0.9811    0.7484   0.01612   0.01181  0.001122
   285/299     7.18G   0.01512   0.01308  0.002252   0.03045        65       640    0.9687    0.9561    0.9813    0.7492   0.01622   0.01179  0.001116
   286/299     7.18G   0.01505   0.01285  0.002231   0.03012        70       640    0.9706    0.9563    0.9819    0.7479   0.01624   0.01178   0.00111
   287/299     7.18G    0.0151    0.0129  0.002007   0.03002        76       640    0.9701    0.9568    0.9807    0.7484   0.01626   0.01181  0.001093
   288/299     7.18G   0.01544   0.01299   0.00202   0.03045        75       640    0.9728    0.9549     0.981    0.7487    0.0163   0.01181  0.001073
   289/299     7.18G   0.01514   0.01298  0.002084    0.0302        56       640    0.9738    0.9524    0.9817    0.7488    0.0164   0.01184  0.001071
   290/299     7.18G     0.015     0.013  0.001958   0.02996        69       640    0.9748    0.9524    0.9811    0.7492   0.01633   0.01181  0.001073
   291/299     7.18G   0.01546   0.01283  0.002256   0.03055        86       640    0.9725    0.9548    0.9803    0.7491   0.01632   0.01186  0.001076
   292/299     7.18G   0.01522   0.01293  0.002189   0.03034        57       640    0.9701    0.9553    0.9808    0.7482   0.01628   0.01194  0.001107
   293/299     7.18G     0.015   0.01272  0.001956   0.02967        72       640     0.971    0.9553    0.9808    0.7488   0.01625   0.01194  0.001107
   294/299     7.18G    0.0153   0.01318  0.001997   0.03047        56       640    0.9708    0.9558    0.9816    0.7495   0.01622   0.01193  0.001094
   295/299     7.18G    0.0151   0.01317  0.002116   0.03038        80       640    0.9746    0.9505    0.9816    0.7486   0.01625   0.01192  0.001104
   296/299     7.18G   0.01532   0.01299  0.002153   0.03046        69       640     0.974     0.954    0.9824      0.75   0.01626   0.01193  0.001118
   297/299     7.18G   0.01549   0.01271  0.002099   0.03029        78       640    0.9753    0.9519    0.9822    0.7493   0.01629   0.01191  0.001119
   298/299     7.18G   0.01539   0.01282  0.002269   0.03048        74       640    0.9767    0.9538    0.9821    0.7482   0.01631    0.0119  0.001116
   299/299     7.18G   0.01512   0.01251  0.001879   0.02951        69       640    0.9747    0.9558    0.9817    0.7482   0.01631   0.01188  0.001111
